MEME version 4.4

ALPHABET= ACGT

strands: + -

Background letter frequencies (from uniform background):
A 0.25000 C 0.25000 G 0.25000 T 0.25000 

MOTIF abd-A 

letter-probability matrix: alength= 4 w= 8 nsites= 37 E= 0
  0.135135	  0.054054	  0.351351	  0.459459	
  0.270270	  0.405405	  0.081081	  0.243243	
  0.594595	  0.405405	  0.000000	  0.000000	
  0.972973	  0.000000	  0.000000	  0.027027	
  0.000000	  0.000000	  0.000000	  1.000000	
  0.297297	  0.054054	  0.000000	  0.648649	
  0.891892	  0.027027	  0.000000	  0.081081	
  0.486486	  0.054054	  0.108108	  0.351351	

URL http://www.danielpollard.com/bergman2004_matrices.html

MOTIF Abd-B 

letter-probability matrix: alength= 4 w= 8 nsites= 7 E= 0
  0.142857	  0.285714	  0.000000	  0.571429	
  0.142857	  0.714286	  0.142857	  0.000000	
  0.857143	  0.000000	  0.142857	  0.000000	
  0.000000	  0.000000	  0.000000	  1.000000	
  1.000000	  0.000000	  0.000000	  0.000000	
  1.000000	  0.000000	  0.000000	  0.000000	
  0.857143	  0.000000	  0.000000	  0.142857	
  0.714286	  0.000000	  0.142857	  0.142857	

URL http://www.danielpollard.com/bergman2004_matrices.html

MOTIF Adf1 

letter-probability matrix: alength= 4 w= 8 nsites= 7 E= 0
  0.142857	  0.857143	  0.000000	  0.000000	
  0.000000	  0.000000	  1.000000	  0.000000	
  0.714286	  0.000000	  0.285714	  0.000000	
  0.000000	  0.857143	  0.000000	  0.142857	
  0.000000	  0.571429	  0.000000	  0.428571	
  0.000000	  0.000000	  1.000000	  0.000000	
  0.000000	  1.000000	  0.000000	  0.000000	
  0.285714	  0.000000	  0.714286	  0.000000	

URL http://www.danielpollard.com/bergman2004_matrices.html

MOTIF Aef1 

letter-probability matrix: alength= 4 w= 8 nsites= 3 E= 0
  0.000000	  1.000000	  0.000000	  0.000000	
  1.000000	  0.000000	  0.000000	  0.000000	
  1.000000	  0.000000	  0.000000	  0.000000	
  0.000000	  1.000000	  0.000000	  0.000000	
  0.666667	  0.000000	  0.000000	  0.333333	
  1.000000	  0.000000	  0.000000	  0.000000	
  0.000000	  1.000000	  0.000000	  0.000000	
  0.666667	  0.000000	  0.000000	  0.333333	

URL http://www.danielpollard.com/bergman2004_matrices.html

MOTIF Antp 

letter-probability matrix: alength= 4 w= 6 nsites= 12 E= 0
  0.666667	  0.000000	  0.000000	  0.333333	
  0.000000	  0.000000	  0.000000	  1.000000	
  0.916667	  0.000000	  0.083333	  0.000000	
  1.000000	  0.000000	  0.000000	  0.000000	
  0.000000	  0.000000	  0.250000	  0.750000	
  0.250000	  0.000000	  0.000000	  0.750000	

URL http://www.danielpollard.com/bergman2004_matrices.html

MOTIF ap 

letter-probability matrix: alength= 4 w= 6 nsites= 12 E= 0
  0.083333	  0.333333	  0.166667	  0.416667	
  1.000000	  0.000000	  0.000000	  0.000000	
  1.000000	  0.000000	  0.000000	  0.000000	
  0.000000	  0.083333	  0.083333	  0.833333	
  0.333333	  0.250000	  0.083333	  0.333333	
  0.916667	  0.000000	  0.083333	  0.000000	

URL http://www.danielpollard.com/bergman2004_matrices.html

MOTIF ara 

letter-probability matrix: alength= 4 w= 6 nsites= 2 E= 0
  0.000000	  0.000000	  0.000000	  1.000000	
  0.000000	  0.000000	  0.000000	  1.000000	
  0.500000	  0.000000	  0.500000	  0.000000	
  1.000000	  0.000000	  0.000000	  0.000000	
  0.000000	  0.000000	  0.000000	  1.000000	
  0.000000	  0.000000	  0.000000	  1.000000	

URL http://www.danielpollard.com/bergman2004_matrices.html

MOTIF bab1 

letter-probability matrix: alength= 4 w= 10 nsites= 6 E= 0
  0.166667	  0.000000	  0.000000	  0.833333	
  1.000000	  0.000000	  0.000000	  0.000000	
  0.000000	  0.000000	  0.000000	  1.000000	
  0.333333	  0.000000	  0.000000	  0.666667	
  0.666667	  0.000000	  0.166667	  0.166667	
  0.333333	  0.000000	  0.000000	  0.666667	
  0.000000	  0.000000	  0.000000	  1.000000	
  0.500000	  0.000000	  0.500000	  0.000000	
  0.000000	  0.000000	  0.000000	  1.000000	
  0.000000	  0.000000	  0.166667	  0.833333	

URL http://www.danielpollard.com/bergman2004_matrices.html

MOTIF bcd 

letter-probability matrix: alength= 4 w= 8 nsites= 48 E= 0
  0.187500	  0.375000	  0.062500	  0.375000	
  0.166667	  0.062500	  0.020833	  0.750000	
  0.937500	  0.020833	  0.020833	  0.020833	
  0.979167	  0.000000	  0.020833	  0.000000	
  0.020833	  0.000000	  0.333333	  0.645833	
  0.020833	  0.916667	  0.000000	  0.062500	
  0.041667	  0.541667	  0.062500	  0.354167	
  0.104167	  0.250000	  0.375000	  0.270833	

URL http://www.danielpollard.com/bergman2004_matrices.html

MOTIF BEAF-32 

letter-probability matrix: alength= 4 w= 8 nsites= 2 E= 0
  0.000000	  0.000000	  0.000000	  1.000000	
  1.000000	  0.000000	  0.000000	  0.000000	
  0.000000	  0.000000	  0.000000	  1.000000	
  0.000000	  1.000000	  0.000000	  0.000000	
  0.000000	  0.000000	  1.000000	  0.000000	
  1.000000	  0.000000	  0.000000	  0.000000	
  0.000000	  0.000000	  0.000000	  1.000000	
  1.000000	  0.000000	  0.000000	  0.000000	

URL http://www.danielpollard.com/bergman2004_matrices.html

MOTIF BEAF-32B 

letter-probability matrix: alength= 4 w= 8 nsites= 2 E= 0
  0.500000	  0.000000	  0.500000	  0.000000	
  0.000000	  1.000000	  0.000000	  0.000000	
  0.000000	  0.000000	  1.000000	  0.000000	
  1.000000	  0.000000	  0.000000	  0.000000	
  0.000000	  0.000000	  0.000000	  1.000000	
  1.000000	  0.000000	  0.000000	  0.000000	
  0.000000	  0.500000	  0.000000	  0.500000	
  0.000000	  0.000000	  0.000000	  1.000000	

URL http://www.danielpollard.com/bergman2004_matrices.html

MOTIF bin 

letter-probability matrix: alength= 4 w= 10 nsites= 5 E= 0
  0.000000	  0.000000	  0.000000	  1.000000	
  0.800000	  0.000000	  0.000000	  0.200000	
  0.800000	  0.000000	  0.000000	  0.200000	
  0.800000	  0.200000	  0.000000	  0.000000	
  0.000000	  1.000000	  0.000000	  0.000000	
  1.000000	  0.000000	  0.000000	  0.000000	
  0.600000	  0.000000	  0.400000	  0.000000	
  0.400000	  0.400000	  0.200000	  0.000000	
  0.000000	  0.000000	  1.000000	  0.000000	
  0.800000	  0.000000	  0.200000	  0.000000	

URL http://www.danielpollard.com/bergman2004_matrices.html

MOTIF br-Z1 

letter-probability matrix: alength= 4 w= 8 nsites= 17 E= 0
  0.705882	  0.000000	  0.117647	  0.176471	
  0.705882	  0.117647	  0.176471	  0.000000	
  0.529412	  0.000000	  0.000000	  0.470588	
  0.000000	  0.176471	  0.000000	  0.823529	
  0.823529	  0.000000	  0.117647	  0.058824	
  0.058824	  0.235294	  0.529412	  0.176471	
  0.647059	  0.176471	  0.117647	  0.058824	
  0.941176	  0.058824	  0.000000	  0.000000	

URL http://www.danielpollard.com/bergman2004_matrices.html

MOTIF br-Z2 

letter-probability matrix: alength= 4 w= 8 nsites= 21 E= 0
  0.333333	  0.142857	  0.047619	  0.476190	
  0.000000	  0.714286	  0.190476	  0.095238	
  0.000000	  0.000000	  0.000000	  1.000000	
  1.000000	  0.000000	  0.000000	  0.000000	
  0.047619	  0.000000	  0.238095	  0.714286	
  0.095238	  0.238095	  0.238095	  0.428571	
  0.571429	  0.047619	  0.047619	  0.333333	
  0.523810	  0.190476	  0.047619	  0.238095	

URL http://www.danielpollard.com/bergman2004_matrices.html

MOTIF br-Z3 

letter-probability matrix: alength= 4 w= 8 nsites= 16 E= 0
  0.437500	  0.187500	  0.187500	  0.187500	
  0.750000	  0.062500	  0.000000	  0.187500	
  0.625000	  0.000000	  0.375000	  0.000000	
  0.062500	  0.687500	  0.000000	  0.250000	
  0.000000	  0.000000	  0.062500	  0.937500	
  0.437500	  0.000000	  0.187500	  0.375000	
  0.000000	  0.000000	  0.625000	  0.375000	
  0.000000	  0.000000	  0.062500	  0.937500	

URL http://www.danielpollard.com/bergman2004_matrices.html

MOTIF br-Z4 

letter-probability matrix: alength= 4 w= 6 nsites= 8 E= 0
  0.625000	  0.000000	  0.375000	  0.000000	
  0.250000	  0.625000	  0.000000	  0.125000	
  0.125000	  0.000000	  0.000000	  0.875000	
  1.000000	  0.000000	  0.000000	  0.000000	
  1.000000	  0.000000	  0.000000	  0.000000	
  0.125000	  0.000000	  0.000000	  0.875000	

URL http://www.danielpollard.com/bergman2004_matrices.html

MOTIF brk 

letter-probability matrix: alength= 4 w= 8 nsites= 10 E= 0
  0.100000	  0.500000	  0.400000	  0.000000	
  0.000000	  0.400000	  0.000000	  0.600000	
  0.000000	  0.000000	  1.000000	  0.000000	
  0.000000	  0.000000	  1.000000	  0.000000	
  0.000000	  1.000000	  0.000000	  0.000000	
  0.100000	  0.000000	  0.900000	  0.000000	
  0.100000	  0.800000	  0.000000	  0.100000	
  0.000000	  0.500000	  0.100000	  0.400000	

URL http://www.danielpollard.com/bergman2004_matrices.html

MOTIF byn 

letter-probability matrix: alength= 4 w= 8 nsites= 9 E= 0
  0.888889	  0.000000	  0.000000	  0.111111	
  0.444444	  0.000000	  0.222222	  0.333333	
  0.000000	  0.000000	  0.888889	  0.111111	
  0.000000	  0.111111	  0.000000	  0.888889	
  0.000000	  0.000000	  1.000000	  0.000000	
  0.111111	  0.777778	  0.000000	  0.111111	
  0.333333	  0.000000	  0.444444	  0.222222	
  0.777778	  0.000000	  0.000000	  0.222222	

URL http://www.danielpollard.com/bergman2004_matrices.html

MOTIF cad 

letter-probability matrix: alength= 4 w= 9 nsites= 13 E= 0
  0.000000	  0.384615	  0.230769	  0.384615	
  0.153846	  0.000000	  0.230769	  0.615385	
  0.000000	  0.000000	  0.000000	  1.000000	
  0.076923	  0.000000	  0.000000	  0.923077	
  0.461538	  0.153846	  0.076923	  0.307692	
  0.000000	  0.307692	  0.230769	  0.461538	
  0.230769	  0.076923	  0.692308	  0.000000	
  0.538462	  0.230769	  0.153846	  0.076923	
  0.000000	  0.307692	  0.000000	  0.692308	

URL http://www.danielpollard.com/bergman2004_matrices.html

MOTIF Cf2-II 

letter-probability matrix: alength= 4 w= 8 nsites= 3 E= 0
  0.333333	  0.000000	  0.666667	  0.000000	
  0.333333	  0.333333	  0.000000	  0.333333	
  0.000000	  0.000000	  1.000000	  0.000000	
  0.000000	  0.000000	  0.000000	  1.000000	
  1.000000	  0.000000	  0.000000	  0.000000	
  0.000000	  0.000000	  0.000000	  1.000000	
  1.000000	  0.000000	  0.000000	  0.000000	
  0.666667	  0.000000	  0.000000	  0.333333	

URL http://www.danielpollard.com/bergman2004_matrices.html

MOTIF Deaf1 

letter-probability matrix: alength= 4 w= 6 nsites= 10 E= 0
  0.000000	  0.300000	  0.000000	  0.700000	
  0.000000	  0.000000	  0.000000	  1.000000	
  0.000000	  1.000000	  0.000000	  0.000000	
  0.000000	  0.000000	  1.000000	  0.000000	
  0.000000	  0.000000	  0.500000	  0.500000	
  0.100000	  0.300000	  0.400000	  0.200000	

URL http://www.danielpollard.com/bergman2004_matrices.html

MOTIF Dfd 

letter-probability matrix: alength= 4 w= 8 nsites= 16 E= 0
  0.062500	  0.125000	  0.125000	  0.687500	
  0.062500	  0.000000	  0.000000	  0.937500	
  0.937500	  0.062500	  0.000000	  0.000000	
  0.937500	  0.062500	  0.000000	  0.000000	
  0.000000	  0.000000	  0.000000	  1.000000	
  0.062500	  0.000000	  0.312500	  0.625000	
  0.500000	  0.000000	  0.375000	  0.125000	
  0.000000	  0.312500	  0.125000	  0.562500	

URL http://www.danielpollard.com/bergman2004_matrices.html

MOTIF dl 

letter-probability matrix: alength= 4 w= 10 nsites= 38 E= 0
  0.052632	  0.210526	  0.578947	  0.157895	
  0.210526	  0.105263	  0.684211	  0.000000	
  0.078947	  0.000000	  0.894737	  0.026316	
  0.868421	  0.026316	  0.105263	  0.000000	
  0.894737	  0.052632	  0.000000	  0.052632	
  0.947368	  0.000000	  0.026316	  0.026316	
  0.631579	  0.026316	  0.052632	  0.289474	
  0.105263	  0.315789	  0.078947	  0.500000	
  0.210526	  0.605263	  0.052632	  0.131579	
  0.210526	  0.631579	  0.105263	  0.052632	

URL http://www.danielpollard.com/bergman2004_matrices.html

MOTIF Dref 

letter-probability matrix: alength= 4 w= 12 nsites= 8 E= 0
  0.375000	  0.000000	  0.125000	  0.500000	
  0.250000	  0.250000	  0.250000	  0.250000	
  0.500000	  0.000000	  0.000000	  0.500000	
  0.000000	  0.000000	  0.000000	  1.000000	
  1.000000	  0.000000	  0.000000	  0.000000	
  0.000000	  0.000000	  0.000000	  1.000000	
  0.000000	  1.000000	  0.000000	  0.000000	
  0.000000	  0.000000	  1.000000	  0.000000	
  0.750000	  0.250000	  0.000000	  0.000000	
  0.250000	  0.125000	  0.000000	  0.625000	
  0.625000	  0.125000	  0.125000	  0.125000	
  0.500000	  0.125000	  0.375000	  0.000000	

URL http://www.danielpollard.com/bergman2004_matrices.html

MOTIF dsx-F 

letter-probability matrix: alength= 4 w= 14 nsites= 3 E= 0
  0.000000	  1.000000	  0.000000	  0.000000	
  0.000000	  0.000000	  0.000000	  1.000000	
  0.666667	  0.000000	  0.333333	  0.000000	
  0.000000	  1.000000	  0.000000	  0.000000	
  0.666667	  0.000000	  0.000000	  0.333333	
  1.000000	  0.000000	  0.000000	  0.000000	
  0.666667	  0.000000	  0.000000	  0.333333	
  0.000000	  0.000000	  1.000000	  0.000000	
  0.000000	  0.000000	  0.000000	  1.000000	
  0.000000	  0.333333	  0.333333	  0.333333	
  0.666667	  0.000000	  0.333333	  0.000000	
  0.000000	  0.333333	  0.000000	  0.666667	
  0.333333	  0.333333	  0.000000	  0.333333	
  1.000000	  0.000000	  0.000000	  0.000000	

URL http://www.danielpollard.com/bergman2004_matrices.html

MOTIF dsx-M 

letter-probability matrix: alength= 4 w= 14 nsites= 3 E= 0
  0.000000	  1.000000	  0.000000	  0.000000	
  0.000000	  0.000000	  0.000000	  1.000000	
  0.666667	  0.000000	  0.333333	  0.000000	
  0.000000	  1.000000	  0.000000	  0.000000	
  0.666667	  0.000000	  0.000000	  0.333333	
  1.000000	  0.000000	  0.000000	  0.000000	
  0.666667	  0.000000	  0.000000	  0.333333	
  0.000000	  0.000000	  1.000000	  0.000000	
  0.000000	  0.000000	  0.000000	  1.000000	
  0.000000	  0.333333	  0.333333	  0.333333	
  0.666667	  0.000000	  0.333333	  0.000000	
  0.000000	  0.333333	  0.000000	  0.666667	
  0.333333	  0.333333	  0.000000	  0.333333	
  1.000000	  0.000000	  0.000000	  0.000000	

URL http://www.danielpollard.com/bergman2004_matrices.html

MOTIF Eip74EF 

letter-probability matrix: alength= 4 w= 10 nsites= 8 E= 0
  0.750000	  0.000000	  0.125000	  0.125000	
  0.250000	  0.625000	  0.000000	  0.125000	
  0.000000	  0.000000	  0.000000	  1.000000	
  0.000000	  0.000000	  0.000000	  1.000000	
  0.000000	  0.875000	  0.125000	  0.000000	
  0.000000	  0.875000	  0.000000	  0.125000	
  0.000000	  0.000000	  0.250000	  0.750000	
  0.000000	  0.000000	  0.625000	  0.375000	
  0.250000	  0.000000	  0.250000	  0.500000	
  0.250000	  0.000000	  0.125000	  0.625000	

URL http://www.danielpollard.com/bergman2004_matrices.html

MOTIF ems 

letter-probability matrix: alength= 4 w= 8 nsites= 3 E= 0
  0.000000	  0.000000	  0.333333	  0.666667	
  0.333333	  0.000000	  0.333333	  0.333333	
  1.000000	  0.000000	  0.000000	  0.000000	
  0.000000	  0.000000	  0.000000	  1.000000	
  0.000000	  0.000000	  0.666667	  0.333333	
  1.000000	  0.000000	  0.000000	  0.000000	
  0.000000	  0.666667	  0.333333	  0.000000	
  1.000000	  0.000000	  0.000000	  0.000000	

URL http://www.danielpollard.com/bergman2004_matrices.html

MOTIF en 

letter-probability matrix: alength= 4 w= 8 nsites= 53 E= 0
  0.377358	  0.056604	  0.339623	  0.226415	
  0.094340	  0.283019	  0.226415	  0.396226	
  0.132075	  0.132075	  0.000000	  0.735849	
  0.716981	  0.000000	  0.075472	  0.207547	
  0.981132	  0.000000	  0.000000	  0.018868	
  0.000000	  0.037736	  0.037736	  0.924528	
  0.000000	  0.113208	  0.264151	  0.622642	
  0.509434	  0.000000	  0.490566	  0.000000	

URL http://www.danielpollard.com/bergman2004_matrices.html

MOTIF Espl 

letter-probability matrix: alength= 4 w= 12 nsites= 4 E= 0
  0.000000	  0.250000	  0.000000	  0.750000	
  0.000000	  0.000000	  0.750000	  0.250000	
  0.000000	  0.000000	  0.000000	  1.000000	
  0.000000	  0.000000	  1.000000	  0.000000	
  0.250000	  0.500000	  0.250000	  0.000000	
  0.000000	  1.000000	  0.000000	  0.000000	
  0.250000	  0.250000	  0.250000	  0.250000	
  0.000000	  0.500000	  0.250000	  0.250000	
  0.000000	  0.250000	  0.750000	  0.000000	
  0.000000	  0.000000	  0.000000	  1.000000	
  0.000000	  0.000000	  1.000000	  0.000000	
  0.000000	  0.750000	  0.250000	  0.000000	

URL http://www.danielpollard.com/bergman2004_matrices.html

MOTIF eve 

letter-probability matrix: alength= 4 w= 12 nsites= 19 E= 0
  0.315789	  0.421053	  0.000000	  0.263158	
  0.000000	  0.157895	  0.526316	  0.315789	
  0.105263	  0.263158	  0.157895	  0.473684	
  0.157895	  0.000000	  0.000000	  0.842105	
  0.842105	  0.000000	  0.105263	  0.052632	
  1.000000	  0.000000	  0.000000	  0.000000	
  0.000000	  0.263158	  0.000000	  0.736842	
  0.157895	  0.210526	  0.263158	  0.368421	
  0.368421	  0.000000	  0.315789	  0.315789	
  0.157895	  0.000000	  0.105263	  0.736842	
  0.052632	  0.000000	  0.368421	  0.578947	
  0.000000	  0.315789	  0.052632	  0.631579	

URL http://www.danielpollard.com/bergman2004_matrices.html

MOTIF exd 

letter-probability matrix: alength= 4 w= 10 nsites= 6 E= 0
  0.000000	  0.000000	  0.166667	  0.833333	
  0.166667	  0.000000	  0.000000	  0.833333	
  0.000000	  0.000000	  0.000000	  1.000000	
  0.166667	  0.333333	  0.166667	  0.333333	
  0.333333	  0.000000	  0.500000	  0.166667	
  0.500000	  0.000000	  0.000000	  0.500000	
  0.166667	  0.166667	  0.166667	  0.500000	
  0.000000	  0.333333	  0.166667	  0.500000	
  0.333333	  0.000000	  0.000000	  0.666667	
  0.500000	  0.166667	  0.166667	  0.166667	

URL http://www.danielpollard.com/bergman2004_matrices.html

MOTIF ey 

letter-probability matrix: alength= 4 w= 18 nsites= 3 E= 0
  0.000000	  0.666667	  0.000000	  0.333333	
  0.000000	  0.666667	  0.000000	  0.333333	
  0.000000	  1.000000	  0.000000	  0.000000	
  0.666667	  0.333333	  0.000000	  0.000000	
  0.000000	  1.000000	  0.000000	  0.000000	
  0.000000	  0.000000	  0.000000	  1.000000	
  0.000000	  1.000000	  0.000000	  0.000000	
  1.000000	  0.000000	  0.000000	  0.000000	
  0.000000	  0.666667	  0.000000	  0.333333	
  0.000000	  0.000000	  0.333333	  0.666667	
  0.000000	  0.333333	  0.333333	  0.333333	
  0.000000	  0.000000	  1.000000	  0.000000	
  0.000000	  0.000000	  0.666667	  0.333333	
  0.000000	  0.666667	  0.333333	  0.000000	
  0.666667	  0.000000	  0.000000	  0.333333	
  0.333333	  0.333333	  0.333333	  0.000000	
  1.000000	  0.000000	  0.000000	  0.000000	
  0.666667	  0.333333	  0.000000	  0.000000	

URL http://www.danielpollard.com/bergman2004_matrices.html

MOTIF ftz-f1 

letter-probability matrix: alength= 4 w= 18 nsites= 3 E= 0
  0.000000	  0.000000	  0.666667	  0.333333	
  0.000000	  1.000000	  0.000000	  0.000000	
  0.333333	  0.000000	  0.666667	  0.000000	
  0.000000	  0.000000	  1.000000	  0.000000	
  0.000000	  0.333333	  0.000000	  0.666667	
  0.000000	  0.000000	  1.000000	  0.000000	
  0.666667	  0.000000	  0.000000	  0.333333	
  0.000000	  1.000000	  0.000000	  0.000000	
  0.000000	  1.000000	  0.000000	  0.000000	
  0.000000	  0.000000	  0.000000	  1.000000	
  0.000000	  0.000000	  0.000000	  1.000000	
  0.000000	  0.666667	  0.333333	  0.000000	
  0.333333	  0.000000	  0.666667	  0.000000	
  0.333333	  0.000000	  0.666667	  0.000000	
  0.666667	  0.333333	  0.000000	  0.000000	
  0.000000	  0.666667	  0.000000	  0.333333	
  0.000000	  0.000000	  0.333333	  0.666667	
  0.000000	  0.000000	  0.666667	  0.333333	

URL http://www.danielpollard.com/bergman2004_matrices.html

MOTIF ftz 

letter-probability matrix: alength= 4 w= 8 nsites= 66 E= 0
  0.287879	  0.060606	  0.469697	  0.181818	
  0.242424	  0.212121	  0.333333	  0.212121	
  0.106061	  0.606061	  0.090909	  0.196970	
  0.590909	  0.378788	  0.000000	  0.030303	
  0.848485	  0.136364	  0.000000	  0.015152	
  0.090909	  0.000000	  0.000000	  0.909091	
  0.166667	  0.106061	  0.030303	  0.696970	
  0.818182	  0.045455	  0.045455	  0.090909	

URL http://www.danielpollard.com/bergman2004_matrices.html

MOTIF gl 

letter-probability matrix: alength= 4 w= 12 nsites= 5 E= 0
  1.000000	  0.000000	  0.000000	  0.000000	
  0.000000	  0.000000	  0.200000	  0.800000	
  0.000000	  0.000000	  0.000000	  1.000000	
  0.000000	  0.000000	  0.200000	  0.800000	
  0.200000	  0.400000	  0.400000	  0.000000	
  0.800000	  0.200000	  0.000000	  0.000000	
  0.600000	  0.000000	  0.000000	  0.400000	
  0.000000	  0.000000	  0.800000	  0.200000	
  0.200000	  0.200000	  0.400000	  0.200000	
  0.600000	  0.000000	  0.400000	  0.000000	
  0.000000	  0.000000	  0.000000	  1.000000	
  0.400000	  0.200000	  0.000000	  0.400000	

URL http://www.danielpollard.com/bergman2004_matrices.html

MOTIF grh 

letter-probability matrix: alength= 4 w= 10 nsites= 8 E= 0
  0.250000	  0.750000	  0.000000	  0.000000	
  0.000000	  0.125000	  0.000000	  0.875000	
  0.000000	  0.000000	  0.750000	  0.250000	
  0.125000	  0.000000	  0.750000	  0.125000	
  0.000000	  0.125000	  0.000000	  0.875000	
  0.000000	  0.000000	  0.000000	  1.000000	
  0.000000	  0.375000	  0.125000	  0.500000	
  0.250000	  0.125000	  0.125000	  0.500000	
  0.375000	  0.250000	  0.375000	  0.000000	
  0.125000	  0.375000	  0.000000	  0.500000	

URL http://www.danielpollard.com/bergman2004_matrices.html

MOTIF gsb-n 

letter-probability matrix: alength= 4 w= 12 nsites= 2 E= 0
  0.000000	  0.000000	  0.000000	  1.000000	
  1.000000	  0.000000	  0.000000	  0.000000	
  1.000000	  0.000000	  0.000000	  0.000000	
  0.000000	  0.000000	  0.000000	  1.000000	
  0.000000	  0.000000	  0.000000	  1.000000	
  0.000000	  0.000000	  0.000000	  1.000000	
  0.500000	  0.000000	  0.500000	  0.000000	
  0.000000	  0.500000	  0.000000	  0.500000	
  0.000000	  0.000000	  0.000000	  1.000000	
  0.500000	  0.000000	  0.000000	  0.500000	
  1.000000	  0.000000	  0.000000	  0.000000	
  1.000000	  0.000000	  0.000000	  0.000000	

URL http://www.danielpollard.com/bergman2004_matrices.html

MOTIF gsb 

letter-probability matrix: alength= 4 w= 12 nsites= 2 E= 0
  0.000000	  0.000000	  0.000000	  1.000000	
  1.000000	  0.000000	  0.000000	  0.000000	
  1.000000	  0.000000	  0.000000	  0.000000	
  0.000000	  0.000000	  0.000000	  1.000000	
  0.000000	  0.000000	  0.000000	  1.000000	
  0.000000	  0.000000	  0.000000	  1.000000	
  0.500000	  0.000000	  0.500000	  0.000000	
  0.000000	  0.500000	  0.000000	  0.500000	
  0.000000	  0.000000	  0.000000	  1.000000	
  0.500000	  0.000000	  0.000000	  0.500000	
  1.000000	  0.000000	  0.000000	  0.000000	
  1.000000	  0.000000	  0.000000	  0.000000	

URL http://www.danielpollard.com/bergman2004_matrices.html

MOTIF gt 

letter-probability matrix: alength= 4 w= 12 nsites= 8 E= 0
  0.375000	  0.000000	  0.000000	  0.625000	
  0.000000	  0.000000	  0.125000	  0.875000	
  0.625000	  0.000000	  0.250000	  0.125000	
  0.000000	  0.000000	  0.000000	  1.000000	
  0.000000	  0.000000	  0.625000	  0.375000	
  0.750000	  0.250000	  0.000000	  0.000000	
  0.000000	  0.625000	  0.250000	  0.125000	
  0.000000	  0.000000	  0.500000	  0.500000	
  0.000000	  0.375000	  0.000000	  0.625000	
  0.625000	  0.000000	  0.000000	  0.375000	
  0.625000	  0.125000	  0.000000	  0.250000	
  0.250000	  0.000000	  0.125000	  0.625000	

URL http://www.danielpollard.com/bergman2004_matrices.html

MOTIF hb 

letter-probability matrix: alength= 4 w= 8 nsites= 103 E= 0
  0.165049	  0.126214	  0.067961	  0.640777	
  0.000000	  0.000000	  0.029126	  0.970874	
  0.009709	  0.048544	  0.009709	  0.932039	
  0.000000	  0.009709	  0.000000	  0.990291	
  0.000000	  0.000000	  0.000000	  1.000000	
  0.009709	  0.038835	  0.000000	  0.951456	
  0.572816	  0.067961	  0.281553	  0.077670	
  0.194175	  0.165049	  0.135922	  0.504854	

URL http://www.danielpollard.com/bergman2004_matrices.html

MOTIF His2B 

letter-probability matrix: alength= 4 w= 18 nsites= 5 E= 0
  1.000000	  0.000000	  0.000000	  0.000000	
  0.000000	  0.000000	  0.200000	  0.800000	
  0.000000	  1.000000	  0.000000	  0.000000	
  0.000000	  0.400000	  0.400000	  0.200000	
  0.200000	  0.600000	  0.200000	  0.000000	
  0.000000	  0.200000	  0.600000	  0.200000	
  0.200000	  0.400000	  0.400000	  0.000000	
  0.000000	  0.000000	  1.000000	  0.000000	
  0.600000	  0.400000	  0.000000	  0.000000	
  0.000000	  0.000000	  0.000000	  1.000000	
  0.000000	  0.200000	  0.000000	  0.800000	
  0.800000	  0.000000	  0.000000	  0.200000	
  0.000000	  0.200000	  0.800000	  0.000000	
  0.000000	  0.200000	  0.800000	  0.000000	
  0.000000	  0.000000	  0.000000	  1.000000	
  0.600000	  0.000000	  0.000000	  0.400000	
  0.800000	  0.200000	  0.000000	  0.000000	
  0.000000	  0.800000	  0.200000	  0.000000	

URL http://www.danielpollard.com/bergman2004_matrices.html

MOTIF hkb 

letter-probability matrix: alength= 4 w= 14 nsites= 2 E= 0
  0.000000	  0.000000	  0.000000	  1.000000	
  0.000000	  0.500000	  0.000000	  0.500000	
  0.000000	  1.000000	  0.000000	  0.000000	
  0.500000	  0.000000	  0.500000	  0.000000	
  0.000000	  0.000000	  0.500000	  0.500000	
  0.000000	  0.000000	  1.000000	  0.000000	
  0.000000	  0.000000	  1.000000	  0.000000	
  0.000000	  0.000000	  1.000000	  0.000000	
  0.000000	  1.000000	  0.000000	  0.000000	
  0.000000	  0.000000	  1.000000	  0.000000	
  0.000000	  0.000000	  0.000000	  1.000000	
  0.000000	  0.000000	  0.000000	  1.000000	
  0.500000	  0.000000	  0.500000	  0.000000	
  0.000000	  1.000000	  0.000000	  0.000000	

URL http://www.danielpollard.com/bergman2004_matrices.html

MOTIF HLHm5 

letter-probability matrix: alength= 4 w= 10 nsites= 3 E= 0
  0.000000	  0.333333	  0.666667	  0.000000	
  0.000000	  1.000000	  0.000000	  0.000000	
  1.000000	  0.000000	  0.000000	  0.000000	
  0.000000	  1.000000	  0.000000	  0.000000	
  0.000000	  0.000000	  1.000000	  0.000000	
  0.333333	  0.333333	  0.000000	  0.333333	
  0.000000	  0.000000	  1.000000	  0.000000	
  0.333333	  0.333333	  0.000000	  0.333333	
  0.000000	  1.000000	  0.000000	  0.000000	
  1.000000	  0.000000	  0.000000	  0.000000	

URL http://www.danielpollard.com/bergman2004_matrices.html

MOTIF Hr46 

letter-probability matrix: alength= 4 w= 10 nsites= 3 E= 0
  1.000000	  0.000000	  0.000000	  0.000000	
  0.666667	  0.000000	  0.000000	  0.333333	
  0.000000	  0.000000	  0.333333	  0.666667	
  0.000000	  0.000000	  0.000000	  1.000000	
  0.000000	  0.000000	  1.000000	  0.000000	
  0.000000	  0.000000	  1.000000	  0.000000	
  0.000000	  0.000000	  1.000000	  0.000000	
  0.000000	  0.000000	  0.000000	  1.000000	
  0.000000	  0.666667	  0.000000	  0.333333	
  0.666667	  0.000000	  0.000000	  0.333333	

URL http://www.danielpollard.com/bergman2004_matrices.html

MOTIF Hsf 

letter-probability matrix: alength= 4 w= 14 nsites= 5 E= 0
  0.000000	  0.000000	  0.000000	  1.000000	
  0.000000	  1.000000	  0.000000	  0.000000	
  0.000000	  0.000000	  0.400000	  0.600000	
  0.600000	  0.400000	  0.000000	  0.000000	
  0.000000	  0.000000	  1.000000	  0.000000	
  0.800000	  0.000000	  0.000000	  0.200000	
  0.800000	  0.000000	  0.000000	  0.200000	
  0.200000	  0.200000	  0.400000	  0.200000	
  0.400000	  0.200000	  0.000000	  0.400000	
  0.000000	  0.000000	  0.000000	  1.000000	
  0.000000	  0.000000	  0.000000	  1.000000	
  0.000000	  1.000000	  0.000000	  0.000000	
  0.000000	  0.000000	  0.600000	  0.400000	
  0.600000	  0.400000	  0.000000	  0.000000	

URL http://www.danielpollard.com/bergman2004_matrices.html

MOTIF kni 

letter-probability matrix: alength= 4 w= 10 nsites= 20 E= 0
  0.050000	  0.050000	  0.900000	  0.000000	
  0.550000	  0.050000	  0.100000	  0.300000	
  0.150000	  0.150000	  0.250000	  0.450000	
  0.000000	  0.950000	  0.000000	  0.050000	
  0.000000	  0.250000	  0.300000	  0.450000	
  0.350000	  0.550000	  0.050000	  0.050000	
  0.400000	  0.200000	  0.200000	  0.200000	
  0.300000	  0.100000	  0.100000	  0.500000	
  0.000000	  0.050000	  0.050000	  0.900000	
  0.050000	  0.250000	  0.050000	  0.650000	

URL http://www.danielpollard.com/bergman2004_matrices.html

MOTIF Kr 

letter-probability matrix: alength= 4 w= 10 nsites= 44 E= 0
  0.840909	  0.000000	  0.090909	  0.068182	
  0.750000	  0.136364	  0.022727	  0.090909	
  0.454545	  0.250000	  0.204545	  0.090909	
  0.045455	  0.000000	  0.909091	  0.045455	
  0.090909	  0.022727	  0.840909	  0.045455	
  0.136364	  0.068182	  0.795455	  0.000000	
  0.022727	  0.068182	  0.090909	  0.818182	
  0.181818	  0.090909	  0.090909	  0.636364	
  0.636364	  0.136364	  0.113636	  0.113636	
  0.363636	  0.181818	  0.113636	  0.340909	

URL http://www.danielpollard.com/bergman2004_matrices.html

MOTIF Mad 

letter-probability matrix: alength= 4 w= 10 nsites= 20 E= 0
  0.050000	  0.600000	  0.250000	  0.100000	
  0.050000	  0.250000	  0.350000	  0.350000	
  0.150000	  0.000000	  0.800000	  0.050000	
  0.150000	  0.400000	  0.400000	  0.050000	
  0.000000	  0.800000	  0.050000	  0.150000	
  0.000000	  0.000000	  1.000000	  0.000000	
  0.300000	  0.100000	  0.300000	  0.300000	
  0.000000	  0.750000	  0.200000	  0.050000	
  0.250000	  0.000000	  0.750000	  0.000000	
  0.050000	  0.750000	  0.000000	  0.200000	

URL http://www.danielpollard.com/bergman2004_matrices.html

MOTIF Med 

letter-probability matrix: alength= 4 w= 12 nsites= 8 E= 0
  0.000000	  0.125000	  0.625000	  0.250000	
  0.000000	  0.875000	  0.000000	  0.125000	
  0.000000	  0.000000	  1.000000	  0.000000	
  0.125000	  0.250000	  0.375000	  0.250000	
  0.000000	  1.000000	  0.000000	  0.000000	
  0.250000	  0.000000	  0.375000	  0.375000	
  0.000000	  0.000000	  0.625000	  0.375000	
  0.000000	  0.125000	  0.500000	  0.375000	
  0.125000	  0.500000	  0.375000	  0.000000	
  0.375000	  0.250000	  0.125000	  0.250000	
  0.375000	  0.125000	  0.375000	  0.125000	
  0.000000	  0.125000	  0.125000	  0.750000	

URL http://www.danielpollard.com/bergman2004_matrices.html

MOTIF nub 

letter-probability matrix: alength= 4 w= 10 nsites= 4 E= 0
  0.250000	  0.000000	  0.000000	  0.750000	
  0.000000	  0.000000	  0.000000	  1.000000	
  0.750000	  0.000000	  0.000000	  0.250000	
  0.000000	  0.000000	  0.000000	  1.000000	
  0.250000	  0.250000	  0.500000	  0.000000	
  0.000000	  0.750000	  0.000000	  0.250000	
  1.000000	  0.000000	  0.000000	  0.000000	
  0.500000	  0.000000	  0.250000	  0.250000	
  0.000000	  0.000000	  1.000000	  0.000000	
  0.000000	  0.500000	  0.250000	  0.250000	

URL http://www.danielpollard.com/bergman2004_matrices.html

MOTIF ovo 

letter-probability matrix: alength= 4 w= 8 nsites= 12 E= 0
  0.000000	  1.000000	  0.000000	  0.000000	
  0.250000	  0.500000	  0.000000	  0.250000	
  0.000000	  0.000000	  1.000000	  0.000000	
  0.000000	  0.083333	  0.000000	  0.916667	
  0.000000	  0.000000	  0.000000	  1.000000	
  0.916667	  0.000000	  0.083333	  0.000000	
  0.166667	  0.583333	  0.083333	  0.166667	
  0.416667	  0.166667	  0.000000	  0.416667	

URL http://www.danielpollard.com/bergman2004_matrices.html

MOTIF p120 

letter-probability matrix: alength= 4 w= 12 nsites= 3 E= 0
  0.000000	  0.666667	  0.000000	  0.333333	
  0.333333	  0.000000	  0.000000	  0.666667	
  0.666667	  0.000000	  0.000000	  0.333333	
  0.000000	  0.000000	  0.000000	  1.000000	
  0.000000	  0.000000	  0.000000	  1.000000	
  0.333333	  0.000000	  0.666667	  0.000000	
  0.666667	  0.000000	  0.000000	  0.333333	
  1.000000	  0.000000	  0.000000	  0.000000	
  0.000000	  0.000000	  0.000000	  1.000000	
  0.333333	  0.000000	  0.666667	  0.000000	
  0.000000	  0.000000	  0.000000	  1.000000	
  0.333333	  0.000000	  0.000000	  0.666667	

URL http://www.danielpollard.com/bergman2004_matrices.html

MOTIF pan 

letter-probability matrix: alength= 4 w= 8 nsites= 25 E= 0
  0.160000	  0.400000	  0.120000	  0.320000	
  0.080000	  0.120000	  0.000000	  0.800000	
  0.080000	  0.000000	  0.040000	  0.880000	
  0.080000	  0.000000	  0.000000	  0.920000	
  0.000000	  0.080000	  0.800000	  0.120000	
  0.680000	  0.000000	  0.200000	  0.120000	
  0.320000	  0.000000	  0.000000	  0.680000	
  0.280000	  0.440000	  0.120000	  0.160000	

URL http://www.danielpollard.com/bergman2004_matrices.html

MOTIF pho 

letter-probability matrix: alength= 4 w= 14 nsites= 5 E= 0
  0.400000	  0.000000	  0.600000	  0.000000	
  0.000000	  0.600000	  0.400000	  0.000000	
  0.200000	  0.400000	  0.200000	  0.200000	
  0.200000	  0.000000	  0.600000	  0.200000	
  0.000000	  0.000000	  0.200000	  0.800000	
  0.200000	  0.200000	  0.000000	  0.600000	
  0.800000	  0.000000	  0.200000	  0.000000	
  0.000000	  0.000000	  0.000000	  1.000000	
  0.000000	  0.000000	  1.000000	  0.000000	
  0.000000	  0.000000	  1.000000	  0.000000	
  0.000000	  1.000000	  0.000000	  0.000000	
  0.000000	  0.200000	  0.200000	  0.600000	
  0.200000	  0.200000	  0.200000	  0.400000	
  0.400000	  0.600000	  0.000000	  0.000000	

URL http://www.danielpollard.com/bergman2004_matrices.html

MOTIF prd 

letter-probability matrix: alength= 4 w= 8 nsites= 11 E= 0
  0.181818	  0.818182	  0.000000	  0.000000	
  0.454545	  0.454545	  0.090909	  0.000000	
  0.818182	  0.000000	  0.181818	  0.000000	
  0.000000	  0.000000	  0.000000	  1.000000	
  0.090909	  0.000000	  0.181818	  0.727273	
  0.727273	  0.090909	  0.000000	  0.181818	
  0.181818	  0.636364	  0.000000	  0.181818	
  0.181818	  0.363636	  0.363636	  0.090909	

URL http://www.danielpollard.com/bergman2004_matrices.html

MOTIF sd 

letter-probability matrix: alength= 4 w= 12 nsites= 14 E= 0
  0.214286	  0.000000	  0.571429	  0.214286	
  0.571429	  0.071429	  0.071429	  0.285714	
  0.285714	  0.571429	  0.071429	  0.071429	
  1.000000	  0.000000	  0.000000	  0.000000	
  0.071429	  0.071429	  0.000000	  0.857143	
  0.214286	  0.000000	  0.071429	  0.714286	
  0.000000	  0.571429	  0.000000	  0.428571	
  0.214286	  0.357143	  0.214286	  0.214286	
  0.285714	  0.071429	  0.142857	  0.500000	
  0.357143	  0.428571	  0.214286	  0.000000	
  0.357143	  0.071429	  0.500000	  0.071429	
  0.285714	  0.214286	  0.285714	  0.214286	

URL http://www.danielpollard.com/bergman2004_matrices.html

MOTIF shn 

letter-probability matrix: alength= 4 w= 14 nsites= 2 E= 0
  0.500000	  0.000000	  0.000000	  0.500000	
  0.000000	  0.000000	  1.000000	  0.000000	
  0.000000	  0.000000	  1.000000	  0.000000	
  0.000000	  0.000000	  1.000000	  0.000000	
  0.000000	  0.000000	  0.500000	  0.500000	
  0.000000	  0.000000	  1.000000	  0.000000	
  0.000000	  0.500000	  0.500000	  0.000000	
  1.000000	  0.000000	  0.000000	  0.000000	
  0.000000	  0.500000	  0.500000	  0.000000	
  0.000000	  1.000000	  0.000000	  0.000000	
  0.000000	  1.000000	  0.000000	  0.000000	
  1.000000	  0.000000	  0.000000	  0.000000	
  0.500000	  0.500000	  0.000000	  0.000000	
  0.000000	  0.000000	  0.000000	  1.000000	

URL http://www.danielpollard.com/bergman2004_matrices.html

MOTIF slbo 

letter-probability matrix: alength= 4 w= 8 nsites= 12 E= 0
  0.750000	  0.083333	  0.083333	  0.083333	
  0.000000	  0.083333	  0.000000	  0.916667	
  0.000000	  0.000000	  0.250000	  0.750000	
  0.250000	  0.166667	  0.583333	  0.000000	
  0.166667	  0.833333	  0.000000	  0.000000	
  0.583333	  0.166667	  0.166667	  0.083333	
  0.500000	  0.416667	  0.083333	  0.000000	
  0.916667	  0.083333	  0.000000	  0.000000	

URL http://www.danielpollard.com/bergman2004_matrices.html

MOTIF sna 

letter-probability matrix: alength= 4 w= 10 nsites= 11 E= 0
  0.000000	  0.636364	  0.272727	  0.090909	
  0.363636	  0.454545	  0.090909	  0.090909	
  0.909091	  0.090909	  0.000000	  0.000000	
  0.090909	  0.909091	  0.000000	  0.000000	
  0.090909	  0.454545	  0.000000	  0.454545	
  0.000000	  0.000000	  0.000000	  1.000000	
  0.000000	  0.000000	  0.909091	  0.090909	
  0.090909	  0.545455	  0.000000	  0.363636	
  0.000000	  0.181818	  0.181818	  0.636364	
  0.272727	  0.181818	  0.272727	  0.272727	

URL http://www.danielpollard.com/bergman2004_matrices.html

MOTIF srp 

letter-probability matrix: alength= 4 w= 12 nsites= 4 E= 0
  0.000000	  0.500000	  0.250000	  0.250000	
  0.000000	  0.000000	  0.000000	  1.000000	
  0.750000	  0.250000	  0.000000	  0.000000	
  0.250000	  0.000000	  0.000000	  0.750000	
  0.000000	  0.750000	  0.250000	  0.000000	
  0.000000	  0.000000	  1.000000	  0.000000	
  0.250000	  0.250000	  0.500000	  0.000000	
  0.000000	  0.250000	  0.000000	  0.750000	
  0.500000	  0.000000	  0.000000	  0.500000	
  0.000000	  0.000000	  1.000000	  0.000000	
  0.750000	  0.250000	  0.000000	  0.000000	
  0.000000	  0.250000	  0.250000	  0.500000	

URL http://www.danielpollard.com/bergman2004_matrices.html

MOTIF SuH 

letter-probability matrix: alength= 4 w= 14 nsites= 3 E= 0
  0.333333	  0.000000	  0.000000	  0.666667	
  0.666667	  0.000000	  0.333333	  0.000000	
  0.000000	  0.000000	  1.000000	  0.000000	
  0.000000	  0.000000	  0.000000	  1.000000	
  0.000000	  0.000000	  0.000000	  1.000000	
  0.000000	  0.666667	  0.000000	  0.333333	
  0.000000	  0.333333	  0.000000	  0.666667	
  0.000000	  1.000000	  0.000000	  0.000000	
  1.000000	  0.000000	  0.000000	  0.000000	
  0.333333	  0.666667	  0.000000	  0.000000	
  0.333333	  0.333333	  0.333333	  0.000000	
  0.333333	  0.000000	  0.000000	  0.666667	
  0.000000	  0.000000	  0.000000	  1.000000	
  0.000000	  0.666667	  0.333333	  0.000000	

URL http://www.danielpollard.com/bergman2004_matrices.html

MOTIF suHw 

letter-probability matrix: alength= 4 w= 18 nsites= 6 E= 0
  0.333333	  0.000000	  0.666667	  0.000000	
  0.333333	  0.000000	  0.666667	  0.000000	
  0.166667	  0.000000	  0.833333	  0.000000	
  0.000000	  0.000000	  0.000000	  1.000000	
  1.000000	  0.000000	  0.000000	  0.000000	
  0.000000	  0.000000	  0.000000	  1.000000	
  0.000000	  0.000000	  1.000000	  0.000000	
  0.000000	  1.000000	  0.000000	  0.000000	
  1.000000	  0.000000	  0.000000	  0.000000	
  0.833333	  0.000000	  0.166667	  0.000000	
  0.000000	  0.500000	  0.000000	  0.500000	
  0.166667	  0.000000	  0.833333	  0.000000	
  0.333333	  0.166667	  0.000000	  0.500000	
  0.666667	  0.000000	  0.000000	  0.333333	
  0.333333	  0.000000	  0.000000	  0.666667	
  0.500000	  0.000000	  0.000000	  0.500000	
  0.000000	  0.000000	  0.000000	  1.000000	
  0.000000	  0.000000	  0.166667	  0.833333	

URL http://www.danielpollard.com/bergman2004_matrices.html

MOTIF tin 

letter-probability matrix: alength= 4 w= 12 nsites= 11 E= 0
  0.000000	  0.181818	  0.272727	  0.545455	
  0.000000	  0.727273	  0.181818	  0.090909	
  0.000000	  0.090909	  0.000000	  0.909091	
  0.000000	  0.727273	  0.090909	  0.181818	
  1.000000	  0.000000	  0.000000	  0.000000	
  1.000000	  0.000000	  0.000000	  0.000000	
  0.000000	  0.000000	  1.000000	  0.000000	
  0.000000	  0.000000	  0.090909	  0.909091	
  0.000000	  0.000000	  1.000000	  0.000000	
  0.090909	  0.363636	  0.545455	  0.000000	
  0.181818	  0.454545	  0.272727	  0.090909	
  0.181818	  0.272727	  0.272727	  0.272727	

URL http://www.danielpollard.com/bergman2004_matrices.html

MOTIF tll 

letter-probability matrix: alength= 4 w= 7 nsites= 37 E= 0
  0.675676	  0.054054	  0.162162	  0.108108	
  0.702703	  0.081081	  0.189189	  0.027027	
  0.729730	  0.000000	  0.216216	  0.054054	
  0.216216	  0.027027	  0.729730	  0.027027	
  0.000000	  0.027027	  0.000000	  0.972973	
  0.027027	  0.540541	  0.027027	  0.405405	
  0.756757	  0.054054	  0.189189	  0.000000	

URL http://www.danielpollard.com/bergman2004_matrices.html

MOTIF Top2 

letter-probability matrix: alength= 4 w= 14 nsites= 4 E= 0
  0.000000	  0.000000	  0.000000	  1.000000	
  1.000000	  0.000000	  0.000000	  0.000000	
  0.250000	  0.750000	  0.000000	  0.000000	
  1.000000	  0.000000	  0.000000	  0.000000	
  0.000000	  0.000000	  0.000000	  1.000000	
  1.000000	  0.000000	  0.000000	  0.000000	
  0.000000	  1.000000	  0.000000	  0.000000	
  0.750000	  0.000000	  0.000000	  0.250000	
  0.250000	  0.000000	  0.000000	  0.750000	
  1.000000	  0.000000	  0.000000	  0.000000	
  0.000000	  0.000000	  0.250000	  0.750000	
  0.250000	  0.000000	  0.750000	  0.000000	
  0.000000	  0.000000	  0.000000	  1.000000	
  1.000000	  0.000000	  0.000000	  0.000000	

URL http://www.danielpollard.com/bergman2004_matrices.html

MOTIF toy 

letter-probability matrix: alength= 4 w= 12 nsites= 5 E= 0
  0.000000	  1.000000	  0.000000	  0.000000	
  0.200000	  0.800000	  0.000000	  0.000000	
  0.400000	  0.400000	  0.200000	  0.000000	
  0.200000	  0.800000	  0.000000	  0.000000	
  0.000000	  0.000000	  0.000000	  1.000000	
  0.000000	  1.000000	  0.000000	  0.000000	
  1.000000	  0.000000	  0.000000	  0.000000	
  0.000000	  0.600000	  0.000000	  0.400000	
  0.000000	  0.200000	  0.200000	  0.600000	
