MEME version 3.0

ALPHABET= ACGT

strands: + -

Background letter frequencies (from dataset with add-one prior applied):
A 0.25000 C 0.25000 G 0.25000 T 0.25000 

MOTIF MA0001.1 AGL3 

BL   MOTIF MA0001.1 width=10 seqs=97
letter-probability matrix: alength= 4 w= 10 nsites= 97 E= 0
  0.000000	  0.969072	  0.010309	  0.020619	
  0.030928	  0.773196	  0.000000	  0.195876	
  0.814433	  0.041237	  0.030928	  0.113402	
  0.412371	  0.030928	  0.041237	  0.515464	
  0.680412	  0.010309	  0.010309	  0.298969	
  0.494845	  0.020619	  0.000000	  0.484536	
  0.670103	  0.051546	  0.051546	  0.226804	
  0.113402	  0.020619	  0.030928	  0.835052	
  0.670103	  0.030928	  0.288660	  0.010309	
  0.000000	  0.030928	  0.907216	  0.061856	

MOTIF MA0002.1 RUNX1 

BL   MOTIF MA0002.1 width=11 seqs=26
letter-probability matrix: alength= 4 w= 11 nsites= 26 E= 0
  0.384615	  0.076923	  0.115385	  0.423077	
  0.461538	  0.076923	  0.038462	  0.423077	
  0.153846	  0.269231	  0.038462	  0.538462	
  0.038462	  0.038462	  0.000000	  0.923077	
  0.076923	  0.000000	  0.884615	  0.038462	
  0.076923	  0.307692	  0.000000	  0.615385	
  0.000000	  0.000000	  1.000000	  0.000000	
  0.000000	  0.000000	  1.000000	  0.000000	
  0.000000	  0.038462	  0.000000	  0.961538	
  0.307692	  0.076923	  0.000000	  0.615385	
  0.500000	  0.076923	  0.153846	  0.269231	

MOTIF MA0002.2 RUNX1 

BL   MOTIF MA0002.2 width=11 seqs=2000
letter-probability matrix: alength= 4 w= 11 nsites= 2000 E= 0
  0.143500	  0.248000	  0.348000	  0.260500	
  0.117000	  0.242500	  0.233500	  0.407000	
  0.061500	  0.536000	  0.074500	  0.328000	
  0.028500	  0.000000	  0.003500	  0.968000	
  0.000000	  0.037500	  0.936000	  0.026500	
  0.043500	  0.063500	  0.035000	  0.858000	
  0.000000	  0.000000	  0.993500	  0.006500	
  0.008500	  0.021000	  0.924000	  0.046500	
  0.005000	  0.200000	  0.125500	  0.669500	
  0.065500	  0.231500	  0.040500	  0.662500	
  0.250000	  0.079000	  0.144500	  0.526500	

MOTIF MA0003.1 TFAP2A 

BL   MOTIF MA0003.1 width=9 seqs=185
letter-probability matrix: alength= 4 w= 9 nsites= 185 E= 0
  0.000000	  0.000000	  1.000000	  0.000000	
  0.000000	  1.000000	  0.000000	  0.000000	
  0.000000	  1.000000	  0.000000	  0.000000	
  0.118919	  0.383784	  0.248649	  0.248649	
  0.102703	  0.308108	  0.329730	  0.259459	
  0.297297	  0.237838	  0.362162	  0.102703	
  0.286486	  0.162162	  0.491892	  0.059459	
  0.102703	  0.086486	  0.740541	  0.070270	
  0.048649	  0.421622	  0.427027	  0.102703	

MOTIF MA0004.1 Arnt 

BL   MOTIF MA0004.1 width=6 seqs=20
letter-probability matrix: alength= 4 w= 6 nsites= 20 E= 0
  0.200000	  0.800000	  0.000000	  0.000000	
  0.950000	  0.000000	  0.050000	  0.000000	
  0.000000	  1.000000	  0.000000	  0.000000	
  0.000000	  0.000000	  1.000000	  0.000000	
  0.000000	  0.000000	  0.000000	  1.000000	
  0.000000	  0.000000	  1.000000	  0.000000	

MOTIF MA0005.1 AG 

BL   MOTIF MA0005.1 width=11 seqs=90
letter-probability matrix: alength= 4 w= 11 nsites= 90 E= 0
  0.000000	  0.966667	  0.022222	  0.011111	
  0.022222	  0.955556	  0.000000	  0.022222	
  0.422222	  0.100000	  0.077778	  0.400000	
  0.677778	  0.055556	  0.022222	  0.244444	
  0.811111	  0.011111	  0.011111	  0.166667	
  0.344444	  0.033333	  0.044444	  0.577778	
  0.255556	  0.177778	  0.188889	  0.377778	
  0.222222	  0.144444	  0.288889	  0.344444	
  0.244444	  0.000000	  0.711111	  0.044444	
  0.011111	  0.000000	  0.911111	  0.077778	
  0.300000	  0.277778	  0.100000	  0.322222	

MOTIF MA0006.1 Arnt::Ahr 

BL   MOTIF MA0006.1 width=6 seqs=24
letter-probability matrix: alength= 4 w= 6 nsites= 24 E= 0
  0.125000	  0.333333	  0.083333	  0.458333	
  0.000000	  0.000000	  0.958333	  0.041667	
  0.000000	  0.958333	  0.000000	  0.041667	
  0.000000	  0.000000	  0.958333	  0.041667	
  0.000000	  0.000000	  0.000000	  1.000000	
  0.000000	  0.000000	  1.000000	  0.000000	

MOTIF MA0007.1 Ar 

BL   MOTIF MA0007.1 width=22 seqs=24
letter-probability matrix: alength= 4 w= 22 nsites= 24 E= 0
  0.375000	  0.291667	  0.083333	  0.250000	
  0.375000	  0.083333	  0.125000	  0.416667	
  0.458333	  0.125000	  0.125000	  0.291667	
  0.666667	  0.041667	  0.291667	  0.000000	
  0.000000	  0.000000	  0.916667	  0.083333	
  0.500000	  0.250000	  0.041667	  0.208333	
  0.875000	  0.083333	  0.000000	  0.041667	
  0.000000	  1.000000	  0.000000	  0.000000	
  0.625000	  0.000000	  0.333333	  0.041667	
  0.166667	  0.375000	  0.083333	  0.375000	
  0.208333	  0.458333	  0.083333	  0.250000	
  0.250000	  0.375000	  0.375000	  0.000000	
  0.125000	  0.208333	  0.041667	  0.625000	
  0.000000	  0.000000	  1.000000	  0.000000	
  0.166667	  0.000000	  0.000000	  0.833333	
  0.458333	  0.208333	  0.041667	  0.291667	
  0.041667	  0.916667	  0.041667	  0.000000	
  0.125000	  0.666667	  0.041667	  0.166667	
  0.250000	  0.291667	  0.208333	  0.250000	
  0.250000	  0.208333	  0.375000	  0.166667	
  0.416667	  0.458333	  0.000000	  0.125000	
  0.208333	  0.458333	  0.250000	  0.083333	

MOTIF MA0008.1 HAT5 

BL   MOTIF MA0008.1 width=8 seqs=25
letter-probability matrix: alength= 4 w= 8 nsites= 25 E= 0
  0.120000	  0.520000	  0.160000	  0.200000	
  0.840000	  0.040000	  0.000000	  0.120000	
  1.000000	  0.000000	  0.000000	  0.000000	
  0.000000	  0.000000	  0.000000	  1.000000	
  0.000000	  0.200000	  0.000000	  0.800000	
  0.960000	  0.000000	  0.040000	  0.000000	
  0.040000	  0.000000	  0.000000	  0.960000	
  0.000000	  0.000000	  0.080000	  0.920000	

MOTIF MA0009.1 T 

BL   MOTIF MA0009.1 width=11 seqs=40
letter-probability matrix: alength= 4 w= 11 nsites= 40 E= 0
  0.050000	  0.700000	  0.200000	  0.050000	
  0.025000	  0.025000	  0.000000	  0.950000	
  1.000000	  0.000000	  0.000000	  0.000000	
  0.000000	  0.000000	  1.000000	  0.000000	
  0.000000	  0.000000	  1.000000	  0.000000	
  0.000000	  0.000000	  0.000000	  1.000000	
  0.000000	  0.000000	  1.000000	  0.000000	
  0.000000	  0.050000	  0.000000	  0.950000	
  0.025000	  0.175000	  0.700000	  0.100000	
  1.000000	  0.000000	  0.000000	  0.000000	
  0.775000	  0.125000	  0.000000	  0.100000	

MOTIF MA0010.1 br_Z1 

BL   MOTIF MA0010.1 width=14 seqs=9
letter-probability matrix: alength= 4 w= 14 nsites= 9 E= 0
  0.333333	  0.111111	  0.444444	  0.111111	
  0.111111	  0.111111	  0.111111	  0.666667	
  0.555556	  0.222222	  0.111111	  0.111111	
  0.777778	  0.000000	  0.111111	  0.111111	
  0.333333	  0.000000	  0.000000	  0.666667	
  0.666667	  0.000000	  0.000000	  0.333333	
  0.444444	  0.111111	  0.444444	  0.000000	
  0.777778	  0.000000	  0.111111	  0.111111	
  0.111111	  0.888889	  0.000000	  0.000000	
  1.000000	  0.000000	  0.000000	  0.000000	
  0.888889	  0.000000	  0.111111	  0.000000	
  0.555556	  0.000000	  0.333333	  0.111111	
  0.444444	  0.000000	  0.000000	  0.555556	
  0.222222	  0.333333	  0.222222	  0.222222	

MOTIF MA0011.1 br_Z2 

BL   MOTIF MA0011.1 width=8 seqs=12
letter-probability matrix: alength= 4 w= 8 nsites= 12 E= 0
  0.250000	  0.083333	  0.083333	  0.583333	
  0.416667	  0.166667	  0.083333	  0.333333	
  0.000000	  0.833333	  0.000000	  0.166667	
  0.000000	  0.083333	  0.000000	  0.916667	
  1.000000	  0.000000	  0.000000	  0.000000	
  0.083333	  0.083333	  0.166667	  0.666667	
  0.166667	  0.000000	  0.083333	  0.750000	
  0.083333	  0.166667	  0.083333	  0.666667	

MOTIF MA0012.1 br_Z3 

BL   MOTIF MA0012.1 width=11 seqs=12
letter-probability matrix: alength= 4 w= 11 nsites= 12 E= 0
  0.250000	  0.083333	  0.083333	  0.583333	
  0.750000	  0.166667	  0.083333	  0.000000	
  0.833333	  0.000000	  0.000000	  0.166667	
  1.000000	  0.000000	  0.000000	  0.000000	
  0.000000	  0.833333	  0.083333	  0.083333	
  0.333333	  0.000000	  0.000000	  0.666667	
  0.833333	  0.000000	  0.000000	  0.166667	
  0.500000	  0.000000	  0.333333	  0.166667	
  0.500000	  0.083333	  0.166667	  0.250000	
  0.333333	  0.250000	  0.166667	  0.250000	
  0.166667	  0.250000	  0.416667	  0.166667	

MOTIF MA0013.1 br_Z4 

BL   MOTIF MA0013.1 width=11 seqs=6
letter-probability matrix: alength= 4 w= 11 nsites= 6 E= 0
  0.166667	  0.166667	  0.000000	  0.666667	
  0.666667	  0.000000	  0.000000	  0.333333	
  0.333333	  0.000000	  0.666667	  0.000000	
  0.166667	  0.000000	  0.000000	  0.833333	
  0.833333	  0.000000	  0.166667	  0.000000	
  1.000000	  0.000000	  0.000000	  0.000000	
  0.833333	  0.000000	  0.166667	  0.000000	
  0.166667	  0.500000	  0.166667	  0.166667	
  0.500000	  0.000000	  0.166667	  0.333333	
  0.833333	  0.000000	  0.000000	  0.166667	
  0.500000	  0.166667	  0.000000	  0.333333	

MOTIF MA0014.1 Pax5 

BL   MOTIF MA0014.1 width=20 seqs=12
letter-probability matrix: alength= 4 w= 20 nsites= 12 E= 0
  0.333333	  0.083333	  0.333333	  0.250000	
  0.333333	  0.000000	  0.666667	  0.000000	
  0.333333	  0.250000	  0.250000	  0.166667	
  0.083333	  0.166667	  0.416667	  0.333333	
  0.166667	  0.583333	  0.083333	  0.166667	
  0.583333	  0.166667	  0.083333	  0.166667	
  0.166667	  0.416667	  0.250000	  0.166667	
  0.000000	  0.250000	  0.166667	  0.583333	
  0.083333	  0.166667	  0.666667	  0.083333	
  0.500000	  0.083333	  0.250000	  0.166667	
  0.500000	  0.000000	  0.166667	  0.333333	
  0.000000	  0.000000	  1.000000	  0.000000	
  0.166667	  0.666667	  0.083333	  0.083333	
  0.250000	  0.000000	  0.750000	  0.000000	
  0.083333	  0.000000	  0.333333	  0.583333	
  0.500000	  0.083333	  0.416667	  0.000000	
  0.416667	  0.083333	  0.416667	  0.083333	
  0.166667	  0.833333	  0.000000	  0.000000	
  0.166667	  0.416667	  0.416667	  0.000000	
  0.416667	  0.000000	  0.500000	  0.083333	

MOTIF MA0015.1 Cf2_II 

BL   MOTIF MA0015.1 width=10 seqs=80
letter-probability matrix: alength= 4 w= 10 nsites= 80 E= 0
  0.312500	  0.162500	  0.500000	  0.025000	
  0.012500	  0.025000	  0.012500	  0.950000	
  0.925000	  0.025000	  0.050000	  0.000000	
  0.000000	  0.112500	  0.050000	  0.837500	
  0.975000	  0.025000	  0.000000	  0.000000	
  0.012500	  0.050000	  0.012500	  0.925000	
  0.512500	  0.025000	  0.450000	  0.012500	
  0.025000	  0.112500	  0.012500	  0.850000	
  0.662500	  0.037500	  0.250000	  0.050000	
  0.150000	  0.362500	  0.187500	  0.300000	

MOTIF MA0016.1 usp 

BL   MOTIF MA0016.1 width=10 seqs=38
letter-probability matrix: alength= 4 w= 10 nsites= 38 E= 0
  0.000000	  0.026316	  0.973684	  0.000000	
  0.026316	  0.000000	  0.947368	  0.026316	
  0.000000	  0.000000	  1.000000	  0.000000	
  0.000000	  0.000000	  1.000000	  0.000000	
  0.000000	  0.000000	  0.000000	  1.000000	
  0.000000	  0.947368	  0.026316	  0.026316	
  0.921053	  0.000000	  0.078947	  0.000000	
  0.131579	  0.657895	  0.078947	  0.131579	
  0.131579	  0.210526	  0.578947	  0.078947	
  0.157895	  0.263158	  0.421053	  0.157895	

MOTIF MA0017.1 NR2F1 

BL   MOTIF MA0017.1 width=14 seqs=13
letter-probability matrix: alength= 4 w= 14 nsites= 13 E= 0
  0.000000	  0.000000	  0.153846	  0.846154	
  0.076923	  0.000000	  0.923077	  0.000000	
  0.923077	  0.000000	  0.076923	  0.000000	
  0.461538	  0.538462	  0.000000	  0.000000	
  0.000000	  1.000000	  0.000000	  0.000000	
  0.000000	  0.230769	  0.000000	  0.769231	
  0.000000	  0.153846	  0.000000	  0.846154	
  0.076923	  0.000000	  0.000000	  0.923077	
  0.153846	  0.000000	  0.846154	  0.000000	
  0.461538	  0.307692	  0.230769	  0.000000	
  0.461538	  0.384615	  0.076923	  0.076923	
  0.076923	  0.769231	  0.076923	  0.076923	
  0.230769	  0.461538	  0.000000	  0.307692	
  0.000000	  0.230769	  0.230769	  0.538462	

MOTIF MA0018.1 CREB1 

BL   MOTIF MA0018.1 width=12 seqs=16
letter-probability matrix: alength= 4 w= 12 nsites= 16 E= 0
  0.000000	  0.437500	  0.312500	  0.250000	
  0.187500	  0.312500	  0.250000	  0.250000	
  0.000000	  0.187500	  0.375000	  0.437500	
  0.125000	  0.187500	  0.687500	  0.000000	
  0.312500	  0.062500	  0.437500	  0.187500	
  0.000000	  0.000000	  0.000000	  1.000000	
  0.000000	  0.000000	  0.937500	  0.062500	
  1.000000	  0.000000	  0.000000	  0.000000	
  0.000000	  1.000000	  0.000000	  0.000000	
  0.000000	  0.000000	  1.000000	  0.000000	
  0.062500	  0.312500	  0.000000	  0.625000	
  0.312500	  0.375000	  0.187500	  0.125000	

MOTIF MA0018.2 CREB1 

BL   MOTIF MA0018.2 width=8 seqs=11
letter-probability matrix: alength= 4 w= 8 nsites= 11 E= 0
  0.000000	  0.090909	  0.090909	  0.818182	
  0.000000	  0.090909	  0.909091	  0.000000	
  1.000000	  0.000000	  0.000000	  0.000000	
  0.000000	  0.818182	  0.181818	  0.000000	
  0.090909	  0.000000	  0.909091	  0.000000	
  0.000000	  0.272727	  0.000000	  0.727273	
  0.181818	  0.636364	  0.090909	  0.090909	
  0.727273	  0.000000	  0.090909	  0.181818	

MOTIF MA0019.1 Ddit3::Cebpa 

BL   MOTIF MA0019.1 width=12 seqs=39
letter-probability matrix: alength= 4 w= 12 nsites= 39 E= 0
  0.358974	  0.179487	  0.307692	  0.153846	
  0.282051	  0.179487	  0.358974	  0.179487	
  0.461538	  0.076923	  0.384615	  0.076923	
  0.000000	  0.025641	  0.000000	  0.974359	
  0.000000	  0.000000	  0.974359	  0.025641	
  0.102564	  0.846154	  0.000000	  0.051282	
  0.974359	  0.025641	  0.000000	  0.000000	
  0.923077	  0.051282	  0.025641	  0.000000	
  0.000000	  0.153846	  0.000000	  0.846154	
  0.358974	  0.435897	  0.128205	  0.076923	
  0.102564	  0.589744	  0.230769	  0.076923	
  0.000000	  0.666667	  0.153846	  0.179487	

MOTIF MA0020.1 Dof2 

BL   MOTIF MA0020.1 width=6 seqs=21
letter-probability matrix: alength= 4 w= 6 nsites= 21 E= 0
  1.000000	  0.000000	  0.000000	  0.000000	
  1.000000	  0.000000	  0.000000	  0.000000	
  1.000000	  0.000000	  0.000000	  0.000000	
  0.000000	  0.000000	  1.000000	  0.000000	
  0.142857	  0.666667	  0.095238	  0.095238	
  0.333333	  0.285714	  0.142857	  0.238095	

MOTIF MA0021.1 Dof3 

BL   MOTIF MA0021.1 width=6 seqs=21
letter-probability matrix: alength= 4 w= 6 nsites= 21 E= 0
  1.000000	  0.000000	  0.000000	  0.000000	
  1.000000	  0.000000	  0.000000	  0.000000	
  1.000000	  0.000000	  0.000000	  0.000000	
  0.000000	  0.000000	  1.000000	  0.000000	
  0.000000	  0.476190	  0.142857	  0.380952	
  0.285714	  0.285714	  0.428571	  0.000000	

MOTIF MA0022.1 dl_1 

BL   MOTIF MA0022.1 width=12 seqs=13
letter-probability matrix: alength= 4 w= 12 nsites= 13 E= 0
  0.000000	  0.384615	  0.461538	  0.153846	
  0.000000	  0.000000	  0.923077	  0.076923	
  0.000000	  0.076923	  0.846154	  0.076923	
  0.000000	  0.000000	  0.769231	  0.230769	
  0.076923	  0.076923	  0.230769	  0.615385	
  0.076923	  0.000000	  0.153846	  0.769231	
  0.076923	  0.000000	  0.000000	  0.923077	
  0.000000	  0.000000	  0.000000	  1.000000	
  0.000000	  0.230769	  0.000000	  0.769231	
  0.076923	  0.692308	  0.000000	  0.230769	
  0.076923	  0.692308	  0.076923	  0.153846	
  0.230769	  0.384615	  0.384615	  0.000000	

MOTIF MA0023.1 dl_2 

BL   MOTIF MA0023.1 width=10 seqs=9
letter-probability matrix: alength= 4 w= 10 nsites= 9 E= 0
  0.000000	  0.111111	  0.777778	  0.111111	
  0.000000	  0.000000	  0.777778	  0.222222	
  0.000000	  0.000000	  1.000000	  0.000000	
  0.000000	  0.000000	  0.888889	  0.111111	
  0.444444	  0.111111	  0.000000	  0.444444	
  0.222222	  0.111111	  0.000000	  0.666667	
  0.000000	  0.000000	  0.000000	  1.000000	
  0.000000	  0.111111	  0.000000	  0.888889	
  0.000000	  1.000000	  0.000000	  0.000000	
  0.111111	  0.888889	  0.000000	  0.000000	

MOTIF MA0024.1 E2F1 

BL   MOTIF MA0024.1 width=8 seqs=10
letter-probability matrix: alength= 4 w= 8 nsites= 10 E= 0
  0.000000	  0.000000	  0.000000	  1.000000	
  0.000000	  0.000000	  0.000000	  1.000000	
  0.000000	  0.000000	  0.000000	  1.000000	
  0.000000	  0.400000	  0.600000	  0.000000	
  0.000000	  0.200000	  0.800000	  0.000000	
  0.000000	  1.000000	  0.000000	  0.000000	
  0.000000	  0.000000	  1.000000	  0.000000	
  0.000000	  0.900000	  0.100000	  0.000000	

MOTIF MA0025.1 NFIL3 

BL   MOTIF MA0025.1 width=11 seqs=23
letter-probability matrix: alength= 4 w= 11 nsites= 23 E= 0
  0.043478	  0.000000	  0.000000	  0.956522	
  0.000000	  0.000000	  0.086957	  0.913043	
  0.956522	  0.000000	  0.000000	  0.043478	
  0.000000	  0.347826	  0.000000	  0.652174	
  0.086957	  0.000000	  0.913043	  0.000000	
  0.000000	  0.000000	  0.000000	  1.000000	
  1.000000	  0.000000	  0.000000	  0.000000	
  0.956522	  0.000000	  0.043478	  0.000000	
  0.000000	  0.478261	  0.173913	  0.347826	
  0.304348	  0.217391	  0.304348	  0.173913	
  0.217391	  0.217391	  0.130435	  0.434783	

MOTIF MA0026.1 Eip74EF 

BL   MOTIF MA0026.1 width=7 seqs=17
letter-probability matrix: alength= 4 w= 7 nsites= 17 E= 0
  0.117647	  0.705882	  0.117647	  0.058824	
  0.294118	  0.705882	  0.000000	  0.000000	
  0.000000	  0.000000	  1.000000	  0.000000	
  0.000000	  0.000000	  1.000000	  0.000000	
  1.000000	  0.000000	  0.000000	  0.000000	
  1.000000	  0.000000	  0.000000	  0.000000	
  0.294118	  0.058824	  0.588235	  0.058824	

MOTIF MA0027.1 En1 

BL   MOTIF MA0027.1 width=11 seqs=10
letter-probability matrix: alength= 4 w= 11 nsites= 10 E= 0
  0.400000	  0.100000	  0.200000	  0.300000	
  0.500000	  0.200000	  0.200000	  0.100000	
  0.300000	  0.000000	  0.700000	  0.000000	
  0.000000	  0.000000	  0.200000	  0.800000	
  0.400000	  0.000000	  0.300000	  0.300000	
  0.300000	  0.000000	  0.700000	  0.000000	
  0.300000	  0.000000	  0.000000	  0.700000	
  0.200000	  0.100000	  0.400000	  0.300000	
  0.100000	  0.300000	  0.300000	  0.300000	
  0.100000	  0.400000	  0.100000	  0.400000	
  0.100000	  0.600000	  0.100000	  0.200000	

MOTIF MA0028.1 ELK1 

BL   MOTIF MA0028.1 width=10 seqs=28
letter-probability matrix: alength= 4 w= 10 nsites= 28 E= 0
  0.250000	  0.250000	  0.357143	  0.142857	
  0.357143	  0.214286	  0.214286	  0.214286	
  0.321429	  0.142857	  0.357143	  0.178571	
  0.178571	  0.678571	  0.035714	  0.107143	
  0.071429	  0.857143	  0.035714	  0.035714	
  0.000000	  0.000000	  0.857143	  0.142857	
  0.035714	  0.000000	  0.964286	  0.000000	
  0.964286	  0.000000	  0.035714	  0.000000	
  0.750000	  0.178571	  0.000000	  0.071429	
  0.464286	  0.000000	  0.500000	  0.035714	

MOTIF MA0029.1 Evi1 

BL   MOTIF MA0029.1 width=14 seqs=27
letter-probability matrix: alength= 4 w= 14 nsites= 27 E= 0
  0.518519	  0.074074	  0.222222	  0.185185	
  0.740741	  0.037037	  0.074074	  0.148148	
  0.000000	  0.037037	  0.925926	  0.037037	
  1.000000	  0.000000	  0.000000	  0.000000	
  0.037037	  0.370370	  0.000000	  0.592593	
  1.000000	  0.000000	  0.000000	  0.000000	
  0.962963	  0.000000	  0.037037	  0.000000	
  0.000000	  0.000000	  1.000000	  0.000000	
  1.000000	  0.000000	  0.000000	  0.000000	
  0.000000	  0.111111	  0.000000	  0.888889	
  0.888889	  0.037037	  0.000000	  0.074074	
  0.851852	  0.000000	  0.148148	  0.000000	
  0.222222	  0.259259	  0.259259	  0.259259	
  0.555556	  0.222222	  0.111111	  0.111111	

MOTIF MA0030.1 FOXF2 

BL   MOTIF MA0030.1 width=14 seqs=26.7142857142857
letter-probability matrix: alength= 4 w= 14 nsites= 26.7142857142857 E= 0
  0.037037	  0.370370	  0.259259	  0.333333	
  0.370370	  0.259259	  0.185185	  0.185185	
  0.629630	  0.148148	  0.074074	  0.148148	
  0.464286	  0.178571	  0.178571	  0.178571	
  0.136364	  0.500000	  0.363636	  0.000000	
  0.259259	  0.000000	  0.740741	  0.000000	
  0.000000	  0.000000	  0.000000	  1.000000	
  1.000000	  0.000000	  0.000000	  0.000000	
  1.000000	  0.000000	  0.000000	  0.000000	
  1.000000	  0.000000	  0.000000	  0.000000	
  0.000000	  0.925926	  0.000000	  0.074074	
  1.000000	  0.000000	  0.000000	  0.000000	
  0.592593	  0.148148	  0.074074	  0.185185	
  0.259259	  0.148148	  0.222222	  0.370370	

MOTIF MA0031.1 FOXD1 

BL   MOTIF MA0031.1 width=8 seqs=20
letter-probability matrix: alength= 4 w= 8 nsites= 20 E= 0
  0.050000	  0.050000	  0.850000	  0.050000	
  0.000000	  0.000000	  0.000000	  1.000000	
  0.950000	  0.050000	  0.000000	  0.000000	
  1.000000	  0.000000	  0.000000	  0.000000	
  0.900000	  0.050000	  0.050000	  0.000000	
  0.050000	  0.900000	  0.000000	  0.050000	
  1.000000	  0.000000	  0.000000	  0.000000	
  0.350000	  0.100000	  0.150000	  0.400000	

MOTIF MA0032.1 FOXC1 

BL   MOTIF MA0032.1 width=8 seqs=16
letter-probability matrix: alength= 4 w= 8 nsites= 16 E= 0
  0.250000	  0.250000	  0.312500	  0.187500	
  0.125000	  0.312500	  0.375000	  0.187500	
  0.250000	  0.250000	  0.187500	  0.312500	
  0.375000	  0.250000	  0.312500	  0.062500	
  0.437500	  0.187500	  0.125000	  0.250000	
  0.000000	  0.000000	  1.000000	  0.000000	
  0.000000	  0.000000	  0.000000	  1.000000	
  1.000000	  0.000000	  0.000000	  0.000000	

MOTIF MA0033.1 FOXL1 

BL   MOTIF MA0033.1 width=8 seqs=23
letter-probability matrix: alength= 4 w= 8 nsites= 23 E= 0
  0.304348	  0.043478	  0.173913	  0.478261	
  0.434783	  0.173913	  0.086957	  0.304348	
  0.260870	  0.130435	  0.260870	  0.347826	
  0.565217	  0.173913	  0.173913	  0.086957	
  0.173913	  0.434783	  0.086957	  0.304348	
  0.913043	  0.000000	  0.086957	  0.000000	
  0.000000	  0.086957	  0.000000	  0.913043	
  0.956522	  0.043478	  0.000000	  0.000000	

MOTIF MA0034.1 Gamyb 

BL   MOTIF MA0034.1 width=10 seqs=25
letter-probability matrix: alength= 4 w= 10 nsites= 25 E= 0
  0.160000	  0.240000	  0.440000	  0.160000	
  0.400000	  0.200000	  0.280000	  0.120000	
  0.120000	  0.520000	  0.000000	  0.360000	
  0.920000	  0.040000	  0.040000	  0.000000	
  1.000000	  0.000000	  0.000000	  0.000000	
  0.040000	  0.960000	  0.000000	  0.000000	
  0.120000	  0.560000	  0.240000	  0.080000	
  0.240000	  0.000000	  0.760000	  0.000000	
  0.400000	  0.440000	  0.000000	  0.160000	
  0.200000	  0.760000	  0.040000	  0.000000	

MOTIF MA0035.1 Gata1 

BL   MOTIF MA0035.1 width=6 seqs=53
letter-probability matrix: alength= 4 w= 6 nsites= 53 E= 0
  0.245283	  0.264151	  0.283019	  0.207547	
  0.000000	  0.000000	  1.000000	  0.000000	
  0.943396	  0.037736	  0.000000	  0.018868	
  0.018868	  0.000000	  0.018868	  0.962264	
  0.245283	  0.113208	  0.471698	  0.169811	
  0.113208	  0.301887	  0.415094	  0.169811	

MOTIF MA0035.2 Gata1 

BL   MOTIF MA0035.2 width=11 seqs=4000
letter-probability matrix: alength= 4 w= 11 nsites= 4000 E= 0
  0.355750	  0.140000	  0.310500	  0.193750	
  0.177000	  0.408250	  0.308750	  0.106000	
  0.695500	  0.007750	  0.002500	  0.294250	
  0.000000	  0.000000	  1.000000	  0.000000	
  1.000000	  0.000000	  0.000000	  0.000000	
  0.006750	  0.007250	  0.027250	  0.958750	
  0.971750	  0.000000	  0.001500	  0.026750	
  0.887500	  0.001000	  0.095750	  0.015750	
  0.199750	  0.170250	  0.574000	  0.056000	
  0.358000	  0.224250	  0.340000	  0.077750	
  0.371750	  0.207250	  0.274750	  0.146250	

MOTIF MA0036.1 GATA2 

BL   MOTIF MA0036.1 width=5 seqs=53
letter-probability matrix: alength= 4 w= 5 nsites= 53 E= 0
  0.245283	  0.245283	  0.339623	  0.169811	
  0.000000	  0.094340	  0.905660	  0.000000	
  0.981132	  0.000000	  0.018868	  0.000000	
  0.000000	  0.000000	  0.000000	  1.000000	
  0.471698	  0.132075	  0.283019	  0.113208	

MOTIF MA0037.1 GATA3 

BL   MOTIF MA0037.1 width=6 seqs=63
letter-probability matrix: alength= 4 w= 6 nsites= 63 E= 0
  0.396825	  0.222222	  0.063492	  0.317460	
  0.000000	  0.015873	  0.984127	  0.000000	
  0.968254	  0.000000	  0.015873	  0.015873	
  0.000000	  0.000000	  0.079365	  0.920635	
  0.619048	  0.015873	  0.063492	  0.301587	
  0.238095	  0.047619	  0.587302	  0.126984	

MOTIF MA0038.1 Gfi 

BL   MOTIF MA0038.1 width=10 seqs=53
letter-probability matrix: alength= 4 w= 10 nsites= 53 E= 0
  0.169811	  0.377358	  0.169811	  0.283019	
  0.528302	  0.301887	  0.132075	  0.037736	
  1.000000	  0.000000	  0.000000	  0.000000	
  1.000000	  0.000000	  0.000000	  0.000000	
  0.018868	  0.000000	  0.018868	  0.962264	
  0.018868	  0.981132	  0.000000	  0.000000	
  0.584906	  0.132075	  0.037736	  0.245283	
  0.150943	  0.528302	  0.207547	  0.113208	
  0.358491	  0.207547	  0.037736	  0.396226	
  0.132075	  0.245283	  0.528302	  0.094340	

MOTIF MA0039.1 Klf4 

BL   MOTIF MA0039.1 width=10 seqs=49
letter-probability matrix: alength= 4 w= 10 nsites= 49 E= 0
  0.367347	  0.183673	  0.040816	  0.408163	
  0.673469	  0.000000	  0.265306	  0.061224	
  0.612245	  0.061224	  0.306122	  0.020408	
  0.469388	  0.020408	  0.387755	  0.122449	
  0.265306	  0.122449	  0.591837	  0.020408	
  0.408163	  0.081633	  0.469388	  0.040816	
  0.734694	  0.081633	  0.102041	  0.081633	
  0.653061	  0.040816	  0.265306	  0.040816	
  0.265306	  0.020408	  0.673469	  0.040816	
  0.040816	  0.020408	  0.938776	  0.000000	

MOTIF MA0039.2 Klf4 

BL   MOTIF MA0039.2 width=10 seqs=4339.5
letter-probability matrix: alength= 4 w= 10 nsites= 4339.5 E= 0
  0.338561	  0.018681	  0.235701	  0.407057	
  0.020276	  0.002074	  0.976267	  0.001382	
  0.003223	  0.002993	  0.990792	  0.002993	
  0.003221	  0.008282	  0.984817	  0.003681	
  0.063693	  0.441941	  0.002529	  0.491837	
  0.005064	  0.003453	  0.983656	  0.007827	
  0.009671	  0.018420	  0.501727	  0.470182	
  0.060872	  0.010606	  0.899700	  0.028822	
  0.028400	  0.030016	  0.874856	  0.066728	
  0.058742	  0.660962	  0.064755	  0.215541	

MOTIF MA0040.1 Foxq1 

BL   MOTIF MA0040.1 width=11 seqs=18
letter-probability matrix: alength= 4 w= 11 nsites= 18 E= 0
  0.222222	  0.222222	  0.166667	  0.388889	
  0.722222	  0.055556	  0.166667	  0.055556	
  0.277778	  0.111111	  0.000000	  0.611111	
  0.166667	  0.000000	  0.000000	  0.833333	
  0.000000	  0.000000	  1.000000	  0.000000	
  0.000000	  0.000000	  0.000000	  1.000000	
  0.000000	  0.000000	  0.000000	  1.000000	
  0.000000	  0.000000	  0.000000	  1.000000	
  0.944444	  0.000000	  0.055556	  0.000000	
  0.000000	  0.055556	  0.222222	  0.722222	
  0.333333	  0.000000	  0.166667	  0.500000	

MOTIF MA0041.1 Foxd3 

BL   MOTIF MA0041.1 width=12 seqs=47
letter-probability matrix: alength= 4 w= 12 nsites= 47 E= 0
  0.234043	  0.063830	  0.553191	  0.148936	
  0.638298	  0.042553	  0.000000	  0.319149	
  0.510638	  0.021277	  0.000000	  0.468085	
  0.021277	  0.085106	  0.000000	  0.893617	
  0.255319	  0.000000	  0.723404	  0.021277	
  0.000000	  0.000000	  0.000000	  1.000000	
  0.021277	  0.000000	  0.000000	  0.978723	
  0.106383	  0.000000	  0.212766	  0.680851	
  0.297872	  0.000000	  0.446809	  0.255319	
  0.127660	  0.148936	  0.000000	  0.723404	
  0.021277	  0.042553	  0.085106	  0.851064	
  0.000000	  0.255319	  0.000000	  0.744681	

MOTIF MA0042.1 FOXI1 

BL   MOTIF MA0042.1 width=12 seqs=31
letter-probability matrix: alength= 4 w= 12 nsites= 31 E= 0
  0.193548	  0.032258	  0.451613	  0.322581	
  0.129032	  0.258065	  0.387097	  0.225806	
  0.354839	  0.129032	  0.258065	  0.258065	
  0.000000	  0.000000	  0.000000	  1.000000	
  0.419355	  0.000000	  0.580645	  0.000000	
  0.000000	  0.000000	  0.000000	  1.000000	
  0.000000	  0.000000	  0.000000	  1.000000	
  0.000000	  0.000000	  0.000000	  1.000000	
  0.483871	  0.000000	  0.516129	  0.000000	
  0.000000	  0.000000	  0.225806	  0.774194	
  0.258065	  0.032258	  0.129032	  0.580645	
  0.064516	  0.032258	  0.129032	  0.774194	

MOTIF MA0043.1 HLF 

BL   MOTIF MA0043.1 width=12 seqs=18
letter-probability matrix: alength= 4 w= 12 nsites= 18 E= 0
  0.055556	  0.222222	  0.444444	  0.277778	
  0.333333	  0.000000	  0.666667	  0.000000	
  0.055556	  0.000000	  0.000000	  0.944444	
  0.000000	  0.000000	  0.166667	  0.833333	
  0.722222	  0.055556	  0.111111	  0.111111	
  0.000000	  0.833333	  0.055556	  0.111111	
  0.333333	  0.000000	  0.666667	  0.000000	
  0.000000	  0.500000	  0.000000	  0.500000	
  0.722222	  0.222222	  0.055556	  0.000000	
  0.833333	  0.000000	  0.055556	  0.111111	
  0.111111	  0.166667	  0.055556	  0.666667	
  0.277778	  0.277778	  0.166667	  0.277778	

MOTIF MA0044.1 HMG-1 

BL   MOTIF MA0044.1 width=9 seqs=13
letter-probability matrix: alength= 4 w= 9 nsites= 13 E= 0
  0.000000	  0.384615	  0.615385	  0.000000	
  0.000000	  0.000000	  0.230769	  0.769231	
  0.000000	  0.307692	  0.000000	  0.692308	
  0.000000	  0.153846	  0.769231	  0.076923	
  0.000000	  0.076923	  0.000000	  0.923077	
  0.461538	  0.076923	  0.230769	  0.230769	
  0.230769	  0.384615	  0.000000	  0.384615	
  0.000000	  0.076923	  0.153846	  0.769231	
  0.000000	  0.615385	  0.076923	  0.307692	

MOTIF MA00445.1 D 

BL   MOTIF MA00445.1 width=11 seqs=29
letter-probability matrix: alength= 4 w= 11 nsites= 29 E= 0
  0.034483	  0.275862	  0.241379	  0.448276	
  0.000000	  0.862069	  0.000000	  0.137931	
  0.000000	  0.586207	  0.000000	  0.413793	
  0.689655	  0.000000	  0.000000	  0.310345	
  0.000000	  0.000000	  0.000000	  1.000000	
  0.000000	  0.000000	  0.103448	  0.896552	
  0.068966	  0.000000	  0.931034	  0.000000	
  0.000000	  0.000000	  0.000000	  1.000000	
  0.034483	  0.068966	  0.137931	  0.758621	
  0.137931	  0.344828	  0.206897	  0.310345	
  0.206897	  0.034483	  0.034483	  0.724138	

MOTIF MA0045.1 HMG-I/Y 

BL   MOTIF MA0045.1 width=16 seqs=14
letter-probability matrix: alength= 4 w= 16 nsites= 14 E= 0
  0.214286	  0.357143	  0.285714	  0.142857	
  0.500000	  0.000000	  0.214286	  0.285714	
  0.642857	  0.071429	  0.071429	  0.214286	
  0.214286	  0.428571	  0.285714	  0.071429	
  0.785714	  0.000000	  0.214286	  0.000000	
  0.785714	  0.000000	  0.142857	  0.071429	
  0.785714	  0.000000	  0.142857	  0.071429	
  0.214286	  0.214286	  0.142857	  0.428571	
  0.285714	  0.071429	  0.571429	  0.071429	
  0.214286	  0.285714	  0.428571	  0.071429	
  0.571429	  0.357143	  0.071429	  0.000000	
  0.571429	  0.071429	  0.285714	  0.071429	
  0.642857	  0.000000	  0.142857	  0.214286	
  0.642857	  0.357143	  0.000000	  0.000000	
  0.785714	  0.000000	  0.214286	  0.000000	
  0.142857	  0.500000	  0.000000	  0.357143	

MOTIF MA0046.1 HNF1A 

BL   MOTIF MA0046.1 width=14 seqs=21
letter-probability matrix: alength= 4 w= 14 nsites= 21 E= 0
  0.238095	  0.000000	  0.666667	  0.095238	
  0.047619	  0.000000	  0.952381	  0.000000	
  0.047619	  0.000000	  0.000000	  0.952381	
  0.047619	  0.000000	  0.000000	  0.952381	
  0.952381	  0.000000	  0.000000	  0.047619	
  0.761905	  0.095238	  0.047619	  0.095238	
  0.047619	  0.000000	  0.000000	  0.952381	
  0.380952	  0.095238	  0.190476	  0.333333	
  0.666667	  0.000000	  0.047619	  0.285714	
  0.095238	  0.000000	  0.000000	  0.904762	
  0.000000	  0.190476	  0.000000	  0.809524	
  0.619048	  0.047619	  0.142857	  0.190476	
  0.380952	  0.380952	  0.142857	  0.095238	
  0.238095	  0.619048	  0.000000	  0.142857	

MOTIF MA0047.1 Foxa2 

BL   MOTIF MA0047.1 width=12 seqs=17
letter-probability matrix: alength= 4 w= 12 nsites= 17 E= 0
  0.352941	  0.411765	  0.176471	  0.058824	
  0.647059	  0.176471	  0.058824	  0.117647	
  0.470588	  0.176471	  0.058824	  0.294118	
  0.000000	  0.058824	  0.000000	  0.941176	
  0.647059	  0.000000	  0.352941	  0.000000	
  0.000000	  0.058824	  0.000000	  0.941176	
  0.000000	  0.058824	  0.000000	  0.941176	
  0.000000	  0.000000	  0.352941	  0.647059	
  0.529412	  0.000000	  0.470588	  0.000000	
  0.000000	  0.529412	  0.000000	  0.470588	
  0.058824	  0.058824	  0.058824	  0.823529	
  0.000000	  0.294118	  0.000000	  0.705882	

MOTIF MA0047.2 Foxa2 

BL   MOTIF MA0047.2 width=12 seqs=808.333333333333
letter-probability matrix: alength= 4 w= 12 nsites= 808.333333333333 E= 0
  0.001238	  0.001238	  0.001238	  0.996287	
  0.273177	  0.003708	  0.719407	  0.003708	
  0.001236	  0.001236	  0.001236	  0.996292	
  0.001236	  0.003708	  0.044499	  0.950556	
  0.001233	  0.001233	  0.215783	  0.781751	
  0.908642	  0.004938	  0.082716	  0.003704	
  0.002469	  0.895062	  0.002469	  0.100000	
  0.417800	  0.095179	  0.003708	  0.483313	
  0.061805	  0.327565	  0.071693	  0.538937	
  0.516729	  0.007435	  0.029740	  0.446097	
  0.162531	  0.065757	  0.598015	  0.173697	
  0.160648	  0.242839	  0.361146	  0.235367	

MOTIF MA0048.1 NHLH1 

BL   MOTIF MA0048.1 width=12 seqs=54
letter-probability matrix: alength= 4 w= 12 nsites= 54 E= 0
  0.240741	  0.240741	  0.314815	  0.203704	
  0.240741	  0.722222	  0.037037	  0.000000	
  0.055556	  0.092593	  0.685185	  0.166667	
  0.018519	  0.981481	  0.000000	  0.000000	
  1.000000	  0.000000	  0.000000	  0.000000	
  0.018519	  0.018519	  0.962963	  0.000000	
  0.018519	  0.925926	  0.055556	  0.000000	
  0.018519	  0.018519	  0.000000	  0.962963	
  0.000000	  0.000000	  0.981481	  0.018519	
  0.055556	  0.685185	  0.148148	  0.111111	
  0.037037	  0.000000	  0.685185	  0.277778	
  0.092593	  0.314815	  0.222222	  0.370370	

MOTIF MA0049.1 hb 

BL   MOTIF MA0049.1 width=10 seqs=16
letter-probability matrix: alength= 4 w= 10 nsites= 16 E= 0
  0.062500	  0.312500	  0.500000	  0.125000	
  0.375000	  0.500000	  0.125000	  0.000000	
  0.562500	  0.187500	  0.250000	  0.000000	
  0.250000	  0.187500	  0.062500	  0.500000	
  0.812500	  0.062500	  0.000000	  0.125000	
  1.000000	  0.000000	  0.000000	  0.000000	
  1.000000	  0.000000	  0.000000	  0.000000	
  0.875000	  0.000000	  0.125000	  0.000000	
  0.937500	  0.062500	  0.000000	  0.000000	
  0.562500	  0.125000	  0.125000	  0.187500	

MOTIF MA0050.1 IRF1 

BL   MOTIF MA0050.1 width=12 seqs=20
letter-probability matrix: alength= 4 w= 12 nsites= 20 E= 0
  0.300000	  0.200000	  0.500000	  0.000000	
  0.950000	  0.000000	  0.050000	  0.000000	
  0.950000	  0.000000	  0.000000	  0.050000	
  1.000000	  0.000000	  0.000000	  0.000000	
  0.250000	  0.150000	  0.550000	  0.050000	
  0.000000	  0.500000	  0.000000	  0.500000	
  0.050000	  0.050000	  0.900000	  0.000000	
  1.000000	  0.000000	  0.000000	  0.000000	
  0.950000	  0.050000	  0.000000	  0.000000	
  1.000000	  0.000000	  0.000000	  0.000000	
  0.050000	  0.650000	  0.300000	  0.000000	
  0.050000	  0.650000	  0.050000	  0.250000	

MOTIF MA0051.1 IRF2 

BL   MOTIF MA0051.1 width=18 seqs=12
letter-probability matrix: alength= 4 w= 18 nsites= 12 E= 0
  0.000000	  0.333333	  0.583333	  0.083333	
  0.166667	  0.000000	  0.833333	  0.000000	
  1.000000	  0.000000	  0.000000	  0.000000	
  0.916667	  0.000000	  0.000000	  0.083333	
  1.000000	  0.000000	  0.000000	  0.000000	
  0.166667	  0.000000	  0.833333	  0.000000	
  0.000000	  0.500000	  0.000000	  0.500000	
  0.000000	  0.000000	  1.000000	  0.000000	
  1.000000	  0.000000	  0.000000	  0.000000	
  1.000000	  0.000000	  0.000000	  0.000000	
  1.000000	  0.000000	  0.000000	  0.000000	
  0.000000	  0.500000	  0.500000	  0.000000	
  0.000000	  0.583333	  0.166667	  0.250000	
  0.416667	  0.166667	  0.250000	  0.166667	
  0.500000	  0.000000	  0.166667	  0.333333	
  0.500000	  0.083333	  0.083333	  0.333333	
  0.416667	  0.166667	  0.083333	  0.333333	
  0.250000	  0.500000	  0.083333	  0.166667	

MOTIF MA0052.1 MEF2A 

BL   MOTIF MA0052.1 width=10 seqs=58
letter-probability matrix: alength= 4 w= 10 nsites= 58 E= 0
  0.017241	  0.862069	  0.000000	  0.120690	
  0.000000	  0.000000	  0.000000	  1.000000	
  0.982759	  0.017241	  0.000000	  0.000000	
  0.034483	  0.017241	  0.000000	  0.948276	
  0.155172	  0.000000	  0.000000	  0.844828	
  0.103448	  0.000000	  0.000000	  0.896552	
  0.637931	  0.000000	  0.000000	  0.362069	
  0.034483	  0.000000	  0.000000	  0.965517	
  0.965517	  0.000000	  0.034483	  0.000000	
  0.103448	  0.000000	  0.862069	  0.034483	

MOTIF MA0053.1 MNB1A 

BL   MOTIF MA0053.1 width=5 seqs=15
letter-probability matrix: alength= 4 w= 5 nsites= 15 E= 0
  1.000000	  0.000000	  0.000000	  0.000000	
  1.000000	  0.000000	  0.000000	  0.000000	
  1.000000	  0.000000	  0.000000	  0.000000	
  0.000000	  0.000000	  1.000000	  0.000000	
  0.200000	  0.600000	  0.000000	  0.200000	

MOTIF MA0054.1 myb.Ph3 

BL   MOTIF MA0054.1 width=9 seqs=70
letter-probability matrix: alength= 4 w= 9 nsites= 70 E= 0
  0.271429	  0.042857	  0.028571	  0.657143	
  0.914286	  0.014286	  0.028571	  0.042857	
  0.900000	  0.000000	  0.028571	  0.071429	
  0.057143	  0.885714	  0.042857	  0.014286	
  0.142857	  0.385714	  0.228571	  0.242857	
  0.142857	  0.028571	  0.757143	  0.071429	
  0.185714	  0.114286	  0.000000	  0.700000	
  0.042857	  0.242857	  0.014286	  0.700000	
  0.400000	  0.014286	  0.000000	  0.585714	

MOTIF MA0055.1 Myf 

BL   MOTIF MA0055.1 width=12 seqs=16
letter-probability matrix: alength= 4 w= 12 nsites= 16 E= 0
  0.437500	  0.500000	  0.062500	  0.000000	
  0.562500	  0.000000	  0.437500	  0.000000	
  0.250000	  0.125000	  0.625000	  0.000000	
  0.000000	  0.937500	  0.062500	  0.000000	
  1.000000	  0.000000	  0.000000	  0.000000	
  0.437500	  0.000000	  0.562500	  0.000000	
  0.000000	  0.937500	  0.062500	  0.000000	
  0.375000	  0.000000	  0.000000	  0.625000	
  0.000000	  0.000000	  1.000000	  0.000000	
  0.000000	  0.625000	  0.375000	  0.000000	
  0.375000	  0.000000	  0.000000	  0.625000	
  0.000000	  0.000000	  1.000000	  0.000000	

MOTIF MA0056.1 MZF1_1-4 

BL   MOTIF MA0056.1 width=6 seqs=20
letter-probability matrix: alength= 4 w= 6 nsites= 20 E= 0
  0.150000	  0.250000	  0.200000	  0.400000	
  0.000000	  0.000000	  0.950000	  0.050000	
  0.100000	  0.000000	  0.900000	  0.000000	
  0.000000	  0.000000	  0.950000	  0.050000	
  0.000000	  0.000000	  1.000000	  0.000000	
  0.900000	  0.000000	  0.100000	  0.000000	

MOTIF MA0057.1 MZF1_5-13 

BL   MOTIF MA0057.1 width=10 seqs=16
letter-probability matrix: alength= 4 w= 10 nsites= 16 E= 0
  0.062500	  0.250000	  0.437500	  0.250000	
  0.125000	  0.000000	  0.437500	  0.437500	
  0.937500	  0.062500	  0.000000	  0.000000	
  0.000000	  0.000000	  0.687500	  0.312500	
  0.000000	  0.000000	  0.937500	  0.062500	
  0.000000	  0.125000	  0.875000	  0.000000	
  0.000000	  0.000000	  0.875000	  0.125000	
  0.187500	  0.062500	  0.500000	  0.250000	
  0.625000	  0.000000	  0.250000	  0.125000	
  0.500000	  0.125000	  0.250000	  0.125000	

MOTIF MA0058.1 MAX 

BL   MOTIF MA0058.1 width=10 seqs=17
letter-probability matrix: alength= 4 w= 10 nsites= 17 E= 0
  0.352941	  0.058824	  0.352941	  0.235294	
  0.647059	  0.058824	  0.294118	  0.000000	
  0.294118	  0.411765	  0.058824	  0.235294	
  0.000000	  1.000000	  0.000000	  0.000000	
  0.941176	  0.058824	  0.000000	  0.000000	
  0.000000	  1.000000	  0.000000	  0.000000	
  0.058824	  0.000000	  0.941176	  0.000000	
  0.000000	  0.000000	  0.000000	  1.000000	
  0.000000	  0.000000	  1.000000	  0.000000	
  0.352941	  0.176471	  0.294118	  0.176471	

MOTIF MA0059.1 MYC::MAX 

BL   MOTIF MA0059.1 width=11 seqs=21
letter-probability matrix: alength= 4 w= 11 nsites= 21 E= 0
  0.333333	  0.047619	  0.428571	  0.190476	
  0.714286	  0.047619	  0.190476	  0.047619	
  0.095238	  0.428571	  0.428571	  0.047619	
  0.047619	  0.952381	  0.000000	  0.000000	
  1.000000	  0.000000	  0.000000	  0.000000	
  0.000000	  0.952381	  0.000000	  0.047619	
  0.047619	  0.000000	  0.952381	  0.000000	
  0.000000	  0.047619	  0.000000	  0.952381	
  0.000000	  0.000000	  1.000000	  0.000000	
  0.047619	  0.047619	  0.857143	  0.047619	
  0.142857	  0.238095	  0.000000	  0.619048	

MOTIF MA0060.1 NFYA 

BL   MOTIF MA0060.1 width=16 seqs=116
letter-probability matrix: alength= 4 w= 16 nsites= 116 E= 0
  0.293103	  0.318966	  0.232759	  0.155172	
  0.137931	  0.284483	  0.224138	  0.353448	
  0.060345	  0.439655	  0.215517	  0.284483	
  0.500000	  0.120690	  0.353448	  0.025862	
  0.439655	  0.034483	  0.482759	  0.043103	
  0.000000	  1.000000	  0.000000	  0.000000	
  0.017241	  0.974138	  0.008621	  0.000000	
  0.965517	  0.000000	  0.008621	  0.025862	
  1.000000	  0.000000	  0.000000	  0.000000	
  0.000000	  0.008621	  0.000000	  0.991379	
  0.120690	  0.560345	  0.284483	  0.034483	
  0.568966	  0.051724	  0.362069	  0.017241	
  0.112069	  0.172414	  0.629310	  0.086207	
  0.336207	  0.370690	  0.189655	  0.103448	
  0.310345	  0.077586	  0.405172	  0.206897	
  0.215517	  0.301724	  0.250000	  0.232759	

MOTIF MA0061.1 NF-kappaB 

BL   MOTIF MA0061.1 width=10 seqs=38
letter-probability matrix: alength= 4 w= 10 nsites= 38 E= 0
  0.000000	  0.000000	  1.000000	  0.000000	
  0.000000	  0.000000	  1.000000	  0.000000	
  0.026316	  0.000000	  0.973684	  0.000000	
  0.657895	  0.000000	  0.342105	  0.000000	
  0.500000	  0.342105	  0.026316	  0.131579	
  0.184211	  0.026316	  0.078947	  0.710526	
